10.6932334688827,6.48373790121091,1.57824638717204
10.7311601197379,6.40419825728875,1.96816836643983
2.93625437041293,7.25415225856076,3.78230068966984
10.6062021583022,7.89160596736319,3.09725555562612
12.3231684708842,13.587782613724,4.0868063043412
11.4946556316112,9.33151109907948,3.32198977545745
11.5221115075407,9.90401774944676,3.22654114139823
11.4208563078678,9.31337928914441,2.95936299033662
11.8100544313432,11.2619232421983,3.6002157615477
11.3414592543686,8.37828865496246,3.49864431052751
12.6251436031181,13.9913484982164,5.07051334598229
12.3053717575267,14.682550073969,3.66849879192746
11.8310648938322,12.0597722548623,2.99150440228831
11.8524510098779,11.6049304915142,3.4712727967807
12.5431355628676,14.5641911061722,4.65942311111496
12.3782374084312,13.9219343110164,4.17122111166843
12.2967945458684,13.5401242664528,4.18405409551143
10.9676241138822,6.85230735546056,3.73848992745041
12.4399455193016,14.2129239168782,4.40462674421524
12.4989187015918,14.2431949132991,4.42711822380505
12.4652673784996,14.3517002832223,4.43528728786668
12.4613864286926,14.1738468853054,4.42611372973397
12.4472481627975,14.2519368497111,4.4086605291721
12.6139007126876,15.0855239229233,4.29864586945043
12.2957595565667,13.4503494437141,4.33614865111448
12.5202400407996,14.4672043368949,4.48615813815433
12.4713778124361,14.1086365592454,4.52296002728117
12.4447321727651,14.2273058768161,4.33690569381377
12.0041290734852,12.5632867366564,3.46770429952787
12.1959209501415,13.0069024077671,3.99341568419498
12.2635811320565,13.258910756302,4.08892210933962
12.5514910454608,14.5822176319558,4.57134063359756
12.391952521724,13.8422755488022,4.20878536620291
12.4194898816528,14.0215540831588,4.43692715974436
12.0365237127805,12.2437706997751,3.83224614283561
12.3508700427701,13.7286533371985,4.32391266472396
12.5936896283608,14.8589024630323,4.5063849337503
12.4553718660785,14.0989107281338,4.4575171483355
12.4385281527745,13.9956008804992,4.44438948772573
12.1337683744008,13.011094698535,3.45565024977854
12.1523232544345,12.938780835292,4.0725802197051
12.0191535799278,12.1509540556652,3.86517661346297
11.8150546103986,11.0214715545167,3.42110952231305
12.8070533479364,16.8013833091957,4.25463486753081
12.71305759522,15.0209096396264,4.81188978448028
12.2430350014712,12.8732986503834,4.45954734758482
13.4417628557979,19.0533161397718,5.52079718404844
12.572905566798,14.7443482510769,4.5207562155968
12.4677224235214,14.4026770656661,4.47213047911918
12.8790734669158,16.1077615626496,4.83337136756439
12.5824838827561,14.7273859303498,4.7213908222021
11.9914969524163,11.626976779385,4.38438818180691
12.1177456541275,12.5744765121429,4.07582158310633
11.8484112264999,10.9532427511316,3.91053565253877
12.294122882137,13.463454683534,4.11542780370248
12.2112102462945,12.8002209912345,4.14520499734082
12.5821054041123,14.0886016236619,4.4063996864158
14.4319546053411,12.4127176360706,3.81962542428878
-9.96171219107272,-15.3637174156925,5.40195819925112
6.3570598353474,4.41835177148523,5.90894983363032
19.4956671757712,61.8984116504917,16.5279352806063
11.6730603241938,13.3810942547329,8.67854526508161
12.1825264002433,13.5799802686496,8.4129001278713
16.5597929524294,27.0835610163003,9.04759462092481
17.4038585956392,29.8985587015338,7.11826546741574
19.8909410966959,33.2068815126765,7.81361613203824
13.627475117816,16.1166227032228,4.21623696642733
16.3386288540448,35.6198979140826,7.33092763765992
13.9689582506989,22.9637914227667,4.78508085127271
8.95637511181277,-1.19091971163353,-2.26513315510783
6.09491716864678,-4.40887860698669,-3.35093063699334
6.1709845679523,-3.00044201147425,-4.15181286202964
2.33988387381733,-15.8100218369511,-7.01666071140229
2.35979649562137,-7.28911878606329,-7.00204473266106
0.954034831636904,-14.599407115583,-8.8471969663305
-1.11483768705953,-22.9475811696566,-13.5902182890049
-4.41865679246517,-31.9888230529758,-13.7955910117895
-4.24584365258467,-29.538267053428,-14.3162035640243
-7.73131553375463,-52.5948870692947,-21.6600541544921
-7.30224128759142,-47.9089650963903,-19.1983724427129
-8.47285139720297,-44.3905454661472,-19.1093198828097
-8.46092462396434,-40.4567939697099,-16.4924887101922
-16.2486636231448,-74.7297681400382,-25.2179340333386
-18.5665408135785,-81.6691641310764,-25.4355218529256
-17.409663334819,-65.4002836502553,-19.5445964475919
-18.2616208755965,-70.30718612908,-21.802770663898
-17.1807960798178,-58.3952827685305,-18.6073845240288
-9.25945799678105,-16.7244498868775,-12.9178213535828
-18.1416153569524,-67.0078536964179,-25.6588641639368
-28.2942368798627,-129.84718262137,-37.52906623419
-20.4478270787418,-78.7272634360099,-23.8301177773564
-4.73566237591096,-8.80445716474306,-4.62063940841231
-5.86565475909373,-19.1767028891635,-5.54643830295311
-12.5524155488806,-55.5009328537984,-14.3395140734835
-19.7896471151458,-97.191027985912,-24.5152857695728
-18.5814704927534,-88.1161810339997,-20.4747703182499
-8.84359392114707,-36.200898908368,-11.959202308652
-6.86402654313048,-26.2344671449957,-12.0030375762417
-9.02934814152942,-35.2990946021428,-14.0925470648769
-24.5822793701039,-126.7450719962,-29.0303378387572
-19.0289288883583,-95.541880999291,-23.1046633178415
-3.36095716078197,-9.67899476327681,-4.26982202777211
-3.7744449124863,-13.4267460582887,-4.90841744000323
-7.3126626433101,-25.8842888102891,-7.95943616565025
-26.3709359738828,-133.209839090474,-36.3975722156162
-17.1932862410201,-79.3196171578025,-25.678091520891
-12.2341339830135,-50.7514607893224,-19.9572136599868
-9.15628683497569,-36.4101002771651,-12.5341425099711
-17.1990286125165,-77.3288747613368,-22.4173063698191
-20.7819129954296,-100.34906591596,-28.0994461918919
-14.6055356892622,-65.9456892481622,-22.1507038842065
-7.41512430635679,-26.5496935935687,-9.11541341213161
-9.10105035650799,-36.5828844240996,-10.999318253627
-18.865296765852,-91.7414319557348,-28.6259022120218
-19.4888474483548,-93.915694659104,-23.5771710891862
-11.0611550346576,-46.6875463243493,-11.9879676858194
-2.23771848466033,-3.63823606738418,-3.85053042990387
-20.3156598773108,-91.105996443262,-31.0193471516452
-27.4815181354761,-147.655800028834,-38.1397246061842
-12.6341820252171,-52.2343780075692,-15.3389033718705
2.9229872001468,22.0840685662433,2.26636973135286
-1.97912963973121,-1.47915479533612,-4.59708552669059
-27.6949601767936,-146.918199435866,-38.4821096267763
-14.6492580227693,-62.4271204091706,-17.9867357878723
-3.35190011706192,-5.71853637102938,-4.51447847972243
-3.82351270119986,-13.267250368206,-6.54935780319298
-25.7245261374602,-129.95373422973,-38.7787949007178
-27.2076794508893,-141.268956051958,-36.0338887921803
-7.29685533712828,-29.458593622104,-9.3922768358553
-3.00349851701007,-11.4065148096542,-6.64713583740702
-5.78658828842392,-22.6846622351177,-8.11912340102265
-27.9321852222999,-144.82633372605,-38.5647992342117
-16.8554727142705,-75.3199857044816,-19.798248615827
-6.69184272176251,-28.2689552160086,-9.23452231150232
1.22622954118807,7.79945545912576,1.05798349080493
-10.5577995079843,-29.4316486577231,-13.0367891002172
-24.0083095711213,-110.421567263224,-38.8460402480284
-24.2204921638723,-114.561795702245,-26.4891392379771
-6.32758327241035,-25.2583443661217,-8.68306267380295
-2.58095036180983,-9.06981067157942,-2.09757334523284
-4.46201864135016,-10.3558347769254,-6.24516916773047
-27.1611249044295,-144.987081507305,-38.6193301133845
-27.8385916677058,-139.769484817256,-31.6586205775897
-6.83386330286541,-27.9828391432805,-8.63934178595522
-0.562971565755218,-2.14705426438551,-1.08032454817333
-2.18125382901148,-5.36141465169033,-1.36273163440479
-23.8911470988569,-119.716802689243,-38.9396792880245
-21.5305473957865,-101.333887350275,-22.1704115298187
-11.2340525513918,-48.601592802939,-13.699542329768
2.17870159439019,14.8063232562023,0.0528058741855885
-10.7561642071531,-34.9626995348236,-13.9503247929578
-25.4951837592133,-122.557817310442,-37.3717236110049
-23.5492751195176,-110.994770857064,-26.3700094104621
-2.37440492109963,-6.62604263259978,-4.69246124520003
-0.341224260895393,1.03821068712275,-2.66031033745822
-7.42909687810513,-24.6459599096661,-8.28907853029583
-28.0831248849402,-144.325222455705,-38.6154949905934
-28.1245280540012,-145.836738697303,-34.8898145560018
-8.01775324608382,-29.9722620419132,-10.0326208143085
-1.96826909434156,-3.5627725868491,-4.31916954768206
-5.3807758419788,-18.5871393706927,-7.63454060407929
-25.3531715448917,-121.778753137372,-35.9174812832953
-19.6668542530001,-90.1477293324096,-24.3427954032688
-11.2588759184978,-43.0947451741239,-13.3956269194793
-4.97308099296307,-15.7962518261463,-6.9783016507127
-9.87736962838568,-36.801017148325,-12.2951775192984
-17.9085466193985,-77.3602198622674,-28.8937116101547
-25.537965036184,-127.279850972143,-34.366690340224
-3.47090046337359,-5.36170765610069,-4.62446152209902
-2.12647190124392,-3.11280793314184,-3.48650598129507
-6.85695725429199,-25.9558441117207,-8.10670439645841
-10.4478391312617,-35.79488619739,-12.8327265962395
-28.6101083747183,-154.367236666751,-37.9985614650062
-11.8454377906093,-41.8290845946551,-11.8014374126963
-0.964303924421382,4.00531198662735,-5.16007989555412
-2.92337589036901,-1.7976594893989,-2.82020539502131
-15.3065938102767,-51.2070356093965,-19.9136474443585
-25.1212390046224,-124.792315881914,-39.2592781535669
-26.4815174085948,-114.339756710386,-28.9920205676997
-0.760324081810299,10.6678070865842,-4.62132212858931
-0.307929220034328,8.66896501267384,-2.71948739862572
-6.4938817015332,-17.2844972673884,-4.78817489589537
-23.9127231036178,-115.363367955285,-38.5266889985382
-29.1618332077843,-156.611387680851,-37.8418434108376
-11.863799949685,-38.1687158472854,-13.5603250511755
-1.11382235652277,3.20934676279079,-5.24634124483987
-5.05473700597966,-14.8356547264716,-3.11267123617252
-16.0647182031245,-61.7847226434073,-20.5086612466039
-28.6048757718096,-150.918927482385,-36.7523359868512
-19.9921844770972,-78.9268873174791,-17.9030327152007
-4.41329932561483,-17.4048720642328,-10.1108423697881
-9.43409506223948,-35.7951044596042,-6.14659659660084
-11.3723789619479,-37.120209913504,-4.46955891337851
-24.1619865310615,-122.585078419978,-40.0567491668922
-15.631046025563,-57.8632511938842,-21.2412964206778
-10.1193422628585,-30.3693370911807,-14.0513994173482
-7.83857967141902,-26.3059366708351,-10.2464339462265
-13.5293342393929,-52.5741882484719,-17.5627086688493
-21.9759545473818,-108.750936230238,-34.7409056442904
-13.1482609618326,-50.0762338731195,-17.1278288624729
-3.99520693230541,-3.47608655901997,-5.49662652916659
-8.16403357986856,-23.7488997328103,-6.12017133950331
-23.0693012580268,-110.792844934618,-35.4679905869352
-16.4038012832218,-65.3794038026509,-21.9127503871787
-9.53917101322756,-32.8589481672567,-16.7918962694355
-5.71637147186379,-14.7343741728666,-13.0989493574201
-12.9420206145177,-49.2102466456458,-16.7480377100139
-22.2873693902224,-105.485461342126,-32.1577108771969
-10.4549794926663,-40.5192906618133,-20.4356433805846
-6.33713068323377,-13.8030248672512,-9.81666661396891
-10.2916531229307,-36.290168273194,-13.3025904453578
-25.4892582077055,-127.03018102976,-29.8636188099062
-13.1674844997028,-56.6102753904666,-20.5216840965839
-6.84859010676618,-22.5685483492405,-11.5169434947749
-8.35293910293664,-30.9131625132303,-10.8827593517554
-22.0534259604049,-109.382586967317,-28.1665744102114
-16.6839344177387,-77.9570667170489,-21.2402186202675
-6.34935001647419,-22.5019221486455,-10.7942440037556
-14.5830320802362,-62.0987025834765,-16.195756561782
-23.0761777157608,-111.312968268527,-27.8698414619246
-13.9079410859425,-61.5422616954686,-19.8028133215009
-7.4477082397204,-28.8313595709829,-11.1372100961522
-6.1428823628172,-24.6410533024186,-9.05415484067553
-22.3677062695982,-110.798272370545,-28.8757287403167
-13.3158501906663,-62.0150077895278,-18.864798858335
-6.40290575312677,-25.8049717188998,-10.7672521334076
-6.73439167822999,-26.0946091835326,-10.5499477818588
-26.7274290923764,-139.28690832547,-38.7453550034434
-21.0892927017244,-102.447865731644,-26.6945563480324
-1.65687246725319,-6.56193851374458,-3.63834212381853
-3.61807434870237,-11.0210109231205,-2.96568303733134
-8.72804278388774,-26.806975434718,-7.75412642922808
-25.9848759107895,-140.720807279161,-38.9223565268188
-17.1445371583732,-77.0209069195558,-23.9179640984917
-7.46217015872944,-29.8381833346557,-12.3095555269048
-2.75923208372084,-9.97962385004077,-6.28918661898205
-7.37530764887523,-23.7869758244696,-6.66943581124348
-16.8922137026282,-65.416650252483,-23.2509791034126
-27.7875793979583,-142.901467165535,-36.7194087941496
-21.6194660891824,-99.1245836954917,-24.9860796680365
-5.07426654605909,-18.9480956920535,-8.9318102633011
-3.61526509929886,-11.8975446096295,-4.43320338611694
-5.84392801814025,-19.5609883067896,-6.53758358086701
-22.5302307982834,-106.50300343891,-36.7802772284008
-23.9701577578745,-115.228880252882,-28.4257942078454
-14.6190586180174,-65.273187467279,-18.7971797405759
-1.89412380187421,-4.98949002205307,-4.76319897993518
-3.31116989677677,-7.73060812301537,-3.48871671674801
-9.97813520900977,-30.1859058423043,-12.5680535744347
-28.315443372015,-143.951740591377,-38.4752778296368
-18.0753096617543,-81.5540323517433,-23.4554123390919
-11.3135976457477,-45.9907552860951,-15.0996774436711
-3.87449768188882,-11.5378948992661,-6.17774639876848
-7.12040579599238,-23.0648174171095,-9.72962805646707
-15.0794119928042,-58.9356724362496,-22.1190165074462
-26.8802386160252,-137.247379708655,-36.5082810061731
-13.1679628414062,-54.1451094447764,-16.1629082529905
-6.99047931960392,-25.1108200609581,-9.09206495689169
-3.2049593610985,-5.85288207572848,-4.95229536767902
-12.9554833653988,-40.8630237423031,-16.1416659075125
-24.6719566184169,-110.863440556439,-34.006315301877
-27.0497107278129,-133.086048417017,-32.5178486658664
-8.3766991100193,-25.7027311167206,-11.0544348352627
-2.51340668538734,-1.50615431326264,-4.36076114045542
-1.82731199484458,5.49027695742883,-2.38799080431861
-16.619825943967,-63.2090928412733,-26.9743280584316
-28.8892155147224,-133.320632542547,-29.8435267601916
-23.8149494969234,-118.635354196242,-30.6209474350152
-13.736662986104,-51.3610386312621,-15.5272044960134
-9.00640840324275,-29.3679779694599,-9.43599831903603
-3.43829655109836,4.05601443727062,0.0291709958076973
-28.7131265404509,-131.265247771039,-31.373893405453
-31.8066418137543,-159.800460729842,-37.5447066836593
-22.6473357005068,-92.5555550266666,-23.1991066037131
-12.587729313931,-47.3793652154659,-8.88539558118147
-8.50846039034033,-30.2095933546546,-4.30541931644044
-20.895201305925,-90.532427775344,-26.2572462812424
-26.8832455729378,-125.303682121552,-29.3914492497893
-22.1080253952445,-92.9041074762922,-20.8664325356127
-11.2929834381474,-46.201596428615,-9.78118487675721
-21.8121850830874,-100.252409956046,-24.9640346659804
-22.9157294668311,-116.249399738427,-32.9334068370211
-13.312831902103,-56.7573004083341,-10.8003820327492
-4.55300170424737,-19.5346017184331,-0.984137162057452
-5.35748812148788,-19.1888329033387,-1.46603716760683
-20.1034009724098,-70.3303745511627,-26.0943748213672
-32.7372783711776,-163.152338377322,-34.0997018958469
-26.3923764131175,-115.778337324455,-24.802604704008
-10.3686317343893,-37.61639802739,-8.25993751564769
-5.05310006351938,-16.4597086008969,-1.97529348140541
-5.33403067201515,-10.111413515493,-2.02495396218981
-23.1335600504084,-109.38984015122,-37.8296005222438
-26.9614043630666,-123.698267027291,-30.9113144705066
-17.5821123535795,-70.0142353218223,-19.0608613865475
-3.69194406250271,-11.2750206833193,-2.23415432983407
-5.43410348708369,-15.4998877567749,-5.33764259511016
-12.6223244001029,-43.4364044962667,-18.8072560875532
-27.7836925645164,-141.554775674337,-37.1336990902925
-16.9236750089996,-72.7959316084827,-18.0669637697977
-9.67801905942972,-38.3111563027381,-10.4325431927919
-4.94330970949149,-16.0409085945837,-4.69147976261199
-12.9860823059711,-47.1192011124503,-19.1984046410141
-24.8377850225599,-117.203713008004,-34.2325991519507
-21.9229320043637,-100.120607730374,-25.5675129226697
-6.51485495822542,-20.7208583624578,-7.40115429992352
-3.87803010490237,-11.8341995970115,-5.41316015331655
-14.9193266213954,-67.1777689476595,-21.4175607982846
-19.1089098401868,-90.7199811316968,-25.2107780718241
-14.9538310425006,-70.458967038032,-19.9793087360181
-6.68620828329009,-28.2524417207536,-8.68240516542318
-6.64243016894305,-25.8880699534983,-7.61935192936571
-19.6964158115353,-88.1912692153678,-30.7790005479499
-18.4836859354606,-85.1497982313102,-26.676664668703
-10.8592503319125,-49.1447647887257,-18.0686107660666
-3.51551218282544,-13.6719633488901,-5.27072837842024
-4.56691793710458,-14.8988143067132,-3.81506109077969
-7.62863380416418,-17.4168903742664,-9.40817455871078
-25.8862755615918,-135.046667427626,-39.2667489318788
-11.0582096732435,-40.745078675954,-18.397966892513
-4.56647851684827,-13.9754076282584,-6.91048306829723
-3.87190054401436,-14.4778960547976,-3.0147835482849
-10.412808948611,-26.4766437912992,-7.73322234791094
-24.467107446081,-104.933650915727,-34.6702966472131
-26.5236672340159,-124.355405062427,-35.5493956735604
-6.61854718605882,-18.0115070567893,-12.2995676891503
-7.73817968456355,-25.1614734724993,-10.0724510709342
-11.2340296522117,-46.2008274264533,-9.890255834991
-16.2912777843907,-68.1321772921784,-22.6920849177603
-22.2235098119789,-101.678035025439,-31.5553775059945
-21.7915897446026,-98.7406624554147,-31.3755633295577
-7.55044698286915,-21.6689323546723,-8.88951284607156
-5.90528336169486,-16.3561718837484,-5.3474183525073
-4.56560382798281,-7.20919890628471,-3.12982391250361
-20.8997534285399,-88.0036149269372,-33.4021263005755
-23.5387081198927,-113.052517810663,-39.6003006065645
-8.35596040355169,-25.1197815140967,-18.6302413596788
-7.5984893238811,-19.0962031421658,-8.40862157184814
-8.91262062965368,-26.5592107994109,-10.8082758601825
-19.9908689933836,-86.6102246712315,-34.7687517599908
-16.0546235246612,-60.236895170656,-27.5352680154409
-11.2340915402468,-36.9611545564781,-21.4846337316681
-5.40135803536716,-10.5135145602585,-10.2514681383031
-7.75286913860482,-16.8189516014485,-13.3790814717022
-16.5330388471532,-62.3212734501538,-27.9910687057713
-18.6209026459193,-79.1524816997239,-26.7776816588465
-6.10133503955491,-16.8389411654034,-9.76394346182694
-0.663446098366507,10.0961030400581,-3.27089500513549
-8.18294250061645,-18.9763794410963,-13.3324328668429
-25.6589865787547,-120.366985288861,-35.7766214195182
-18.87398647153,-81.8308343059294,-24.2268571494497
-4.84244099029995,-13.0033961546056,-9.284431924445
-4.7973837968524,-5.66724522786172,-6.99973660112087
-15.1268233606242,-51.2151395699059,-18.760352024714
-26.3773760709213,-129.907892984514,-35.5154313780923
-6.13214648705281,-16.0589773946305,-10.6761754968401
-0.697914954402198,8.4868696934095,-3.80629558342848
-6.23564417492771,-13.7192505687037,-9.01241919888067
-26.7598961876518,-123.066233058935,-38.6972968356245
-26.4154858939787,-130.144694152367,-36.5130322484322
-8.03431600096243,-28.2274578756244,-12.3966465540907
-2.88861290650148,-7.64622501230203,-1.83734864966849
-7.11378974511535,-23.8275373568542,-4.1774628354508
-16.160986583348,-62.9879853235726,-33.5792814172517
-27.356628288174,-128.483358458664,-39.0017333609532
-19.8855545274883,-78.6698013731706,-24.3627230698436
-2.30994244869883,-9.39372052951411,2.21768759638547
-1.79708079898358,-10.7434159645929,2.79148818983492
-3.37699836585097,-6.06232958185163,-4.57284695712153
-21.8709967061486,-111.735228811818,-40.7993797363783
-19.2837573532479,-89.1208691861215,-22.9463975547028
-10.5965969922212,-47.2689734010466,-14.631664382915
-1.40747388961133,-12.8386044204853,-4.00505144585309
-3.68940780389742,-11.87138097296,-2.96514082946651
-12.3265666348857,-42.7045630935402,-19.8296635489922
-26.8193168518305,-144.629075154425,-38.6144828166613
-10.4481449383377,-42.8967021086094,-11.0066054092833
0.655045898667927,1.76315148881322,-1.75032425860884
5.73195580735832,33.0321643668585,4.68379190569416
-15.0336100484868,-45.8063051383108,-27.7019439564286
-24.4217044456819,-115.488469756297,-40.4788236367949
-22.7720663431514,-101.462485669774,-32.1263682060875
-3.91747018772746,-4.30659241732982,-6.86323898078445
-0.652868594022159,9.24600527978517,-2.54697890635956
-13.4964725589059,-39.9931535018439,-12.5388852208665
-27.2401036023315,-113.194164236639,-33.4037460017084
-26.8754355379058,-123.595154527254,-32.7142733068486
-9.23242248806643,-25.2124247051587,-7.54295761816782
-0.495544358229534,9.37936199723687,0.632060054494969
-8.77716737364336,-20.4211941468573,-7.63530832290949
-34.6670860538449,-171.264986805216,-36.7424173495333
-33.8047817870785,-171.477304603483,-36.0841704523079
-14.1971939859749,-52.9595394658104,-10.746206539279
3.56845028538861,15.1173228273818,8.46522261894155
0.171225819561497,8.43910878784086,6.44180443994709
-25.7328296875413,-107.342991711958,-35.5151073097809
-31.2345671598865,-155.260128825957,-35.4933429173804
-20.632503128967,-91.7382650716944,-24.888737303873
-9.47945048951948,-41.1812010488279,-7.43494991748955
-5.98646533825892,-25.9683188868324,0.639224413406965
-6.08210514773028,-14.6752538803278,-1.10120056127112
-26.264115401783,-118.582876063625,-37.9327961534445
-31.8282507468345,-146.326035556554,-33.2923078367334
-23.076928365394,-98.1406163104152,-24.340152553426
-11.1454579688497,-45.4244648135161,-7.22038045910171
-6.55462703389115,-24.022103134249,-2.32148873058941
-8.24645472247423,-24.1309725570348,-6.22061679101228
-23.6928938677223,-113.687865149483,-37.5093456696555
-19.6168880789457,-85.3511604652176,-19.2525881822625
-16.0802216352002,-70.0548615010975,-15.9518327778595
-8.54239093558978,-36.669335512287,-7.60981089850586
-11.1818716163289,-40.6554641702503,-11.9250639517985
-17.7360288896357,-75.1092178051734,-26.0956724427708
-24.3766010954327,-115.318617714717,-28.0574855599663
-13.9402020991183,-60.2518927099512,-17.2922783534382
-8.28521821084407,-32.1144712647994,-8.78005632901161
-3.85632221470119,-8.00965391539127,-4.00350120982181
-17.4474463338136,-75.5606786921964,-28.1534614251157
-26.174814233595,-125.42633973626,-32.8790937131473
-20.0560370501795,-92.5302690230488,-26.7109423766099
-3.29977794783606,-3.41337843345287,-2.01487284274605
-0.0667848527969417,16.1535230897702,2.421793342059
-21.6672441693894,-87.5291331772787,-26.059895575921
-28.6306768100001,-140.721772074062,-38.063133269823
-23.4784444432369,-100.584007327356,-28.4641551159625
-5.66335276305809,-7.31659788628621,-4.48613668296717
-5.16741994936588,-12.895234594589,-6.92458912635002
-13.983778644493,-54.1312684390405,-18.2511060812112
-27.5428530995927,-136.467311783752,-37.8485805023245
-16.1286257141376,-64.6561043148379,-19.3604887125442
-7.68603408689283,-23.0555110650165,-8.82089463928996
-3.2466124628805,-4.64087876581239,-5.13001610886937
-20.9352129624772,-90.4952590550904,-27.3512092715288
-26.7681161055683,-130.761783840663,-36.6219016586709
-17.0053282061107,-71.186980654156,-22.0402346991729
-5.65577434778772,-14.1296770678513,-6.48432173535075
-7.15046422173938,-23.3642699681054,-9.7771252330441
-23.1212808829664,-107.399907666488,-30.9894876380254
-16.8815739117481,-70.3067536326576,-21.004665158904
-8.71146359566171,-28.2092973048317,-10.0239836178836
-10.3495342349203,-34.7426107258641,-13.4464619870513
-29.6320583808071,-141.45742900685,-36.9789385910234
-24.5229988971758,-113.707850195507,-33.0949423657159
-9.34979904822173,-32.9560918597788,-11.0936425264844
-0.272836158586281,5.5823692232779,1.17763795961344
-6.39197910861953,-24.569944173143,-4.05512418526664
-28.0958962656061,-136.959932392258,-37.8035682058403
-15.2099867479504,-61.7294624856184,-20.0661661142782
-5.52613447248364,-9.99446198431726,-7.79095356870829
-6.10764559484384,-24.2199853867267,-8.91416171966931
-27.5979845835374,-127.731362226495,-36.5771988830688
-27.0780563755428,-128.927540626507,-39.0195586407212
-6.73350512554099,-19.576406734494,-8.76107539090872
4.94239766065371,37.4802314762132,4.70849020500106
-3.76803220070065,-6.52327369074333,-6.32288229052738
-27.4538892176117,-107.24090327807,-29.6257235679446
-26.7169445996976,-136.924367684381,-39.1208601549492
-12.0896977347035,-37.085598720503,-17.529609500715
2.63617941784404,26.6694481906901,5.92271926517817
-7.482548093299,-21.9288184693926,-4.95663563477115
-20.9138458317055,-84.847782515892,-26.5642458824449
-22.1428397571345,-89.5926126340599,-31.4303963183377
-13.9854870837023,-47.3024614139707,-21.7540994984803
0.907221325482444,26.2386242603073,-2.14893964197107
-13.8635837630003,-52.441536251725,-14.4972978077098
-17.5802305120988,-61.6419064472871,-19.8166097260122
-26.4944191609802,-105.757154778641,-39.186460613509
-6.3879267080375,-7.69183985244205,-11.5613058738653
-5.72274379311519,-7.38001275557945,-10.3332894829406
-7.38205113009546,-15.9738255744555,-14.1112884203289
-25.9345356732925,-110.414750882922,-40.1160668534263
-20.6194062611563,-78.3517569575192,-28.5257849987693
-2.51243753824944,5.08432987220997,-1.70956229080262
-2.37466079127082,1.93663172268637,-3.43954480504368
-7.54994590869191,-18.977951567411,-11.1509917362743
-23.7744683180589,-103.653938928076,-33.0347849315931
-16.4913004322893,-72.6611769788232,-20.9123440306457
-10.2542982446936,-40.2428708669124,-13.8869224848642
-2.88065889590071,-6.21700811951537,-4.73008649032638
-19.7768479125625,-79.7211478219247,-32.070657214182
-24.1813026983032,-119.223735267307,-40.2843237760294
-15.1711149311601,-64.852828279517,-18.8336523726492
-0.578797328305731,-1.28750119127212,1.96873529794189
2.77570117107104,12.0908121183676,6.53185655938844
-7.39159506825195,-5.63740008418215,-4.64442552555233
-21.1625568966744,-116.130685494453,-40.5906565944659
-28.9254106083331,-136.86334812207,-38.8495160216758
-11.3681952111698,-40.1669798746762,-8.27358673240597
0.106048362712279,0.222835685778495,-2.53594540898853
1.13157243924652,9.76447711099565,0.537201809103734
-9.22033068018724,-25.7679483513228,-16.3301098717131
-29.6203751027205,-148.905456832068,-38.2858575859671
-28.9478788769281,-141.398245877534,-34.4698567589375
-3.58896892539414,-11.3885386549241,-3.49812892368879
6.59321803251223,40.5907106504902,3.3958286396701
-3.44923049366284,-2.24665921979382,-4.41223122706586
-32.9542716634213,-137.675609704068,-32.7996258845524
-31.1679366959948,-158.308659584733,-37.6130962904096
-23.256821561439,-105.129515627264,-32.6002895332399
-5.41570911591806,-12.7387225738674,-2.81738161426457
-1.79975318574071,5.34437518472616,0.432994283012725
-11.2330352439704,-24.1837376842052,-9.37132099585554
-29.4777900432992,-144.479915112955,-38.5570934914907
-25.3116119293752,-103.430558748396,-27.3200353312545
-12.0802422731278,-36.3006876591504,-8.60374904952586
3.22702575980504,20.0856531594585,9.25411311337363
-16.814351228033,-63.5332061072429,-20.3671002511108
-25.4740554374211,-117.542879029849,-39.6267983740455
-22.5420165276579,-100.767580697447,-25.4572644970469
-5.21073164102056,-14.5098565002199,-2.52597934434598
-0.48706537367413,5.58514604964362,3.19270718530168
-14.7566838497406,-56.5321189800361,-13.9894721738749
-29.1751641481482,-143.646600646319,-38.6191973952949
-27.9505149315772,-116.913920013833,-25.7988108685736
12.1639548510488,66.1392095718238,16.613422564982
-11.2098474398316,-31.3879959927503,-6.08665967617505
-34.123086036342,-140.040688224655,-32.1643019317337
-30.815538205295,-138.208883199494,-35.8265121464852
-7.07920588126467,-17.476706262447,-0.513229389002591
9.70360705762331,53.7234471065616,13.6434488913014
-15.6866806201682,-44.6253061224849,-12.5800144078442
-36.8092273639391,-174.755977703349,-36.4472722432415
-32.2648869071533,-145.891152539366,-35.7076020380186
-11.7274946671305,-30.5903361026779,-5.84714671382077
-2.96384335981232,5.74798223777011,0.862008133459619
-10.8045375185817,-30.5313738271368,-7.82760273629519
-35.2581505159506,-158.559779770272,-36.414420526479
-32.1649720198805,-138.447816687836,-36.3581987846013
-23.8394553521903,-83.3856606473034,-19.7616154804075
-2.6756517842023,0.766098729675916,5.80939348092087
2.47897482578528,25.7923379397859,9.00830073058144
-26.1332595710727,-89.2437373530562,-23.2517120426404
-38.342035096702,-190.538011829268,-35.4390378863758
-34.1982155674101,-143.343487946783,-34.6164621004966
-10.7109959990001,-24.1400838517654,-0.64815512893407
-0.522385335513748,7.86145620106543,4.39087470802329
0.164283037777245,16.8507083234923,3.91071951241271
-28.5507939040606,-112.896623314489,-30.5625041783016
-32.9241147759345,-160.161270302075,-37.3583591908381
-26.3812914731262,-106.495526623032,-26.9133500770264
-4.96896958801873,-6.77141774242533,2.26671051473294
0.878616364648438,16.524395494856,3.81505828238937
-5.51467307484399,-6.79718796272262,-6.06324846590955
-32.6786187832263,-155.524071608641,-37.5130776188192
-25.2752004072544,-109.540235784055,-28.1082445033332
-14.4017277668962,-49.6886614574322,-10.5942778685449
4.82878305892189,31.3779173430236,6.62584030372838
-8.38155715312409,-17.81383779479,-10.5275741128543
-26.0861463544835,-102.573134750783,-34.1738327274403
-32.4274888716062,-163.741785210655,-37.2833933324965
-10.7227009682506,-23.3890197820803,-0.486084107678495
8.69908482271833,52.6290199838178,18.5092954080622
5.57987180457188,31.8629168694751,7.00003011564862
-14.8237254772342,-33.938154663353,-12.8890950344428
-29.9171441379243,-130.710615543447,-38.9656773018762
-29.1619659998168,-135.99331208248,-38.9655893017252
-9.8526876241142,-26.9545577393661,-6.9869523640068
-0.614846474756264,6.13579245795132,1.31811297817984
5.96450416361513,34.7100772479527,7.83381519857823
-26.7511297200566,-97.0832034333221,-34.8699626051984
-32.893802739243,-176.26481620212,-36.5133589183031
-28.4047589137375,-109.278651684199,-29.9854238757319
8.32200510939113,55.3207889963539,14.8028724558431
17.7648133068889,82.4646950423982,22.4631924318472
-2.97357637252855,5.89587723222346,2.38019042096773
-32.6686076385442,-159.756411034544,-37.5128710323856
-32.7286074518828,-170.577893234213,-36.8611821078719
-16.4171312754313,-51.6807195125192,-17.1474715782316
1.5774690244618,18.4393055229836,3.62554290764251
2.47767614428371,18.8131595236326,5.80043671614403
-7.45980484104319,-18.7919820590941,-0.132422216145957
-32.2957245698558,-139.894163930333,-37.7261878480525
-32.6980718141273,-165.197960146786,-37.1851995186278
-26.1052711378811,-94.0970708569437,-30.3149649030681
-1.49899553112928,13.5928122782637,2.66605775121601
6.79409236942545,39.9475860540992,12.0197144753104
3.26427297781924,20.2593730042135,13.7488667006344
-27.5110061803512,-104.222678909276,-30.9645323515627
-29.2404320720555,-137.75859165778,-38.969867217651
-24.0666592340697,-96.114985635259,-37.828767825855
-3.82664332815336,1.20298768606498,-0.697446861371098
2.44775023796418,24.9251910221809,5.16824519581725
-2.79953795786232,-0.520910163369149,0.204902794783308
-27.4897353459344,-109.362259195141,-38.1503417011209
-26.8301813790569,-126.082167494298,-39.7668626951799
-12.2465031074942,-33.2259157554654,-18.7015849303723
8.79629009155897,64.5001347042702,10.4331403140814
-2.37938322660102,12.7874203608975,-3.70373655925648
-26.6467287650122,-109.955549027239,-40.2417979077652
-24.3260163815625,-84.2561776850496,-38.8232553503012
-12.8007053320044,-28.0883030629517,-19.3343402696094
8.10590972380395,58.7249013577259,10.5072695295843
-5.90928766463085,-3.42492446751403,-4.86313302536392
-19.5458713013066,-63.5059815938271,-28.4994729189848
-20.3130361897409,-86.1224577459797,-42.4251310876516
-4.83630000627205,9.84875875638016,-9.20247352513193
7.17939194142991,56.6223804456488,8.39714816227055
5.54338190111045,46.1065788319548,8.30686999403829
-30.8494155168606,-128.6107689708,-37.8810439077443
-31.0430372762805,-146.362654230087,-38.0348525884769
-2.83506754635284,7.71610667729309,-5.05456369878347
5.18399895361703,39.786883989518,5.78709366915091
-6.9294379484344,-6.95576387370569,-5.34380998297362
-33.4147115872758,-148.687822070049,-38.147142212306
-24.43057872266,-100.778701164213,-30.5210547812408
1.17019054615333,23.7647346369572,1.94230829993644
-11.5681649025967,-28.2702957684369,-13.2260556577899
-29.1428230200757,-113.792911542971,-35.6383790532854
-21.6069646169144,-88.2817614446976,-22.9638157286416
-2.04361141859832,7.61664802912004,2.25307890833006
-3.92892054285479,0.740077982533524,-2.26558119057115
-25.84501540681,-96.2239548528469,-34.1777620925568
-32.9985181499313,-143.642667853758,-36.0398325361106
-19.4075868215701,-73.2928899294425,-19.9711231313707
3.17649291139842,26.1209569303316,7.78068286772417
-5.03372558442293,-1.80259473281735,-0.575495292654042
-17.029252093927,-44.1652355557074,-19.4139157829005
-33.7868698988402,-164.368746537767,-37.1914004117804
-18.2530136693494,-63.9852142774917,-19.1890999299099
-4.58961645596664,-1.19515265358179,-4.16303951587976
2.03923674555532,19.9510549086179,3.42970056899405
-12.2219357680841,-26.1715864444806,-12.3991607159411
-26.3226078630962,-103.390204597355,-37.3953500763015
-32.3634116224297,-149.948169390685,-38.0935733716617
-9.19327796876675,-16.8178331547591,-6.70819889196378
4.3575700095915,35.1074735460973,5.18758212018384
3.03218024987413,25.8806081699101,5.54087629981043
-26.0221892570344,-97.7990123693375,-34.1761716875584
-31.8874814124457,-161.006781766083,-37.4690938375372
-22.0093730764164,-84.6645946130076,-23.9914160668296
2.66218959109464,28.4139862972357,5.98367323852207
10.722353791592,59.330925542934,12.3329169824269
-8.92662485119307,-13.7832748175264,-6.98760518356736
-31.1136556647849,-150.005101284521,-38.1601476963373
-32.6506784772841,-158.311078910951,-37.4403081262516
-10.8983628717334,-27.7481190487251,-10.0708450088738
11.7073623838346,68.1986642841491,17.108118980931
6.40097797783292,46.9014832033551,12.2448718886854
-25.4882830158137,-94.4316033221673,-29.9862391467041
-37.3752655675234,-178.006742794839,-36.2295848096087
-30.9100913611793,-131.735051886757,-35.0178265656808
-9.10709327112113,-27.5682779354631,-2.8799529263607
-0.187192283300263,8.68448669915584,6.86141848938266
-4.8383981930078,-4.82323127854053,2.42459647109941
-33.6119295515372,-148.77770305896,-38.1138606344009
-37.0590870003622,-158.000032295656,-36.2093012489129
-26.2967774753807,-95.2110142609625,-22.2271347119937
-7.15600270716992,-20.7603034227503,-0.113141686348183
-3.90064801234295,-4.09038193776447,1.86311550342625
-6.33764071645387,-7.06399283312945,-2.78098813468741
-29.8076158071054,-125.328114003198,-37.8263418608573
-35.7918841322963,-158.919434617882,-35.6114918909686
-25.7784464771519,-97.4093845424729,-23.7959657350322
-9.62923497077746,-29.0135686703431,-5.03234981428165
-2.59675601671042,-4.52177809517235,2.05684359304542
-1.2846008984534,7.39037167128931,3.14962840232744
-15.8104197116798,-55.4763450128776,-25.7573358440935
-36.325187184928,-172.888880075788,-36.5786597080556
-30.9117251475251,-135.595343233243,-33.6794770667711
-9.60741780226963,-25.3037977374436,-8.86914209032927
8.42106466004212,47.5640243199391,10.0109826210686
1.56776636650763,22.0571094207166,1.3288627800967
-28.265374899427,-129.713948874557,-37.6982147382162
-27.2680047283371,-122.866908555795,-34.5222652975188
-18.7546225594049,-73.1180050891001,-21.4610681256111
11.5320147619701,64.1815879074863,16.1094908017387
-17.3773024005206,-56.3579726785153,-18.8217628766016
-33.1475554142292,-147.188349712579,-37.9877968006761
-31.8055685809074,-140.647429770775,-37.4872648038505
-3.73165391240761,11.9452752446715,8.13421630848269
15.7098473544689,81.1579098423061,21.4304648486162
-14.1755471034218,-37.1266671709673,-18.0703780856051
-37.947269827936,-182.622164929776,-35.929779311096
-32.699017672276,-150.892650780411,-37.6034802462843
-2.76282949984611,20.6109199993656,9.71552464669857
9.61778903439661,59.9067789791987,11.0092150332055
-9.05336636025216,-15.5902849425304,-8.76744824903809
-36.0675616668582,-176.603682361594,-36.36607659163
-23.0539990521332,-86.1266174053106,-30.0819096602627
-9.63300457276045,-16.6054759835456,-6.60335125807684
13.9501994304574,75.2941081541719,14.3460122001981
-0.925903488447483,8.01938000930547,-2.34245999435376
-33.2928052172075,-155.79265512527,-37.6057284837955
-25.917928238672,-111.242681148726,-34.4670553348629
-14.2179659417254,-46.2999558881084,-14.1716173423778
18.6742001696738,91.8606942284077,21.1963903395086
-15.0771076052943,-53.3872877323954,-21.2186784318445
-30.5393699495994,-145.421249031724,-37.8914835934459
-25.3660322057072,-115.173788543815,-31.7532647324762
2.6440767821828,22.2442813713934,5.62791337976242
15.4250239766168,73.1081345429586,17.9315109683578
3.07625633103599,25.7298484622559,7.96149217235654
-30.9534415773162,-105.870900220844,-30.4079416569901
-29.8852346258218,-149.287975787279,-38.2523120677304
-27.3759747100298,-102.339848655418,-33.5562367589404
-5.16769135766311,-7.43055117348642,-9.41912594195096
-1.0804536671531,4.56004076756041,-1.44871763270083
1.85438129535644,11.4251105714536,3.2619847805652
-11.0994662323708,-33.6080080266901,-12.5512075357704
-24.3157765294146,-100.961198790243,-37.0880303447422
-28.421121107593,-123.477571442322,-36.2328342024903
-1.55700890948076,4.3207265040329,-6.66196323386274
2.95036249409481,19.6723583319815,0.35664400031732
0.937890105379735,18.5451221711858,3.298110398847
-19.7900969472928,-55.7335640158768,-28.1160489478224
-26.3276890447545,-119.726020453825,-40.1683312109803
-24.983314121573,-86.0323647499679,-31.6170588834723
8.01697928101124,46.5442891287066,7.10833014770382
11.4125399893968,56.6161325498119,15.4548637807687
-4.72820028070414,-2.35791810222807,0.498936430695183
-27.2279805654461,-115.282323780307,-40.3989413505637
-27.4444117876274,-131.379845946409,-39.4244327717104
-15.2729146213523,-47.1657031463242,-25.7308078930331
-0.0497571391831551,7.45928669215504,1.61609975070469
3.13683098250015,16.1483031996718,9.60062856871969
-2.70313539072356,6.58448531235016,1.0747229635546
-24.6254871372666,-96.8774323210761,-41.3206679085781
-26.1126922908414,-126.356587751755,-39.779097043261
-20.8755243596295,-79.8062836880902,-25.7282686709961
-5.31490141463444,-17.5873321527198,-4.11049734758477
-0.331480646546549,5.72939156116668,2.26449573219186
6.18953881128688,42.6919170206365,10.5459034263103
-22.9663257874729,-64.3367823644883,-27.8261400266318
-33.5247276069184,-150.411980521245,-38.0392920644486
-29.9885295911768,-127.358323498517,-38.7239594064419
-7.1764152099039,-9.91687008269063,-6.32959785330907
4.46480209063216,34.0035282555028,8.96952955437788
6.70201771680715,43.5462468753413,11.0608111454739
-23.9418153208912,-75.5702979587657,-23.3797761763051
-36.162132691424,-155.790824349834,-37.4577318980197
-28.8484665696786,-128.011792055768,-35.8836871472001
-7.93166126684831,-16.4293577863962,-7.73530541547563
-2.34902556403903,2.68669716092551,-0.572240807093969
3.14544101759194,30.2678910873129,8.51977556072422
-28.6964964572652,-102.591842621662,-34.3416295844097
-36.7932058876242,-175.067407938096,-36.4292272882093
-25.7071673517788,-101.89203518733,-24.5365245280224
13.6659979942165,80.1267906363339,15.467419308718
11.8863819543141,66.9515482472237,11.822451826994
-26.3874102787779,-85.9857807746163,-19.3770234090386
-38.6504080040387,-187.625347799585,-35.6014628118633
-28.9163851158245,-128.968421435327,-30.7035726425807
-7.59124337569193,-14.1734658430048,-0.724275647725369
-2.65699911895832,4.40158384057636,0.197184934323751
-13.946247791963,-36.5832007784375,-14.0988247082819
-37.4253783814742,-165.793329749049,-36.9603850797981
-28.5910398315995,-120.432745037228,-27.322060371169
-13.1737616398194,-42.6644821819193,-10.6715139368254
2.60070562192369,20.9659673963269,7.20634706467677
-20.4027106881185,-69.8055036239094,-23.0872280217074
-27.6633647891115,-123.972851034195,-39.8600943463838
-25.2359990465594,-104.814676984556,-25.6200127523976
-1.23991493924427,3.23176023970704,1.65735764985402
7.1594318730232,35.7981415612132,7.85406756473961
-18.0480309482024,-62.5100455632128,-20.3591426949458
-28.2862507632667,-126.870979701525,-39.2146245207112
-25.8107812006568,-109.181726399162,-30.1283318346907
-2.98911232710373,-5.3900482240259,-4.69536594680763
-0.580843872321364,6.10495217718869,-1.7213967090718
-20.445838148388,-84.6968414375877,-18.5586893211426
-27.9909151117271,-129.546581709868,-39.4392351596055
-25.0179227652941,-101.847680001313,-29.8534222893094
4.02200698784647,27.8890291575948,12.6074446376971
-6.20383866524628,-8.73086810702911,0.853672299698265
-27.2610235138212,-100.361140767468,-25.2262239467324
-35.7317676298988,-168.041195709706,-36.8932575522217
-21.5222906765206,-80.0989882503913,-15.091502411249
-9.46383220852593,-28.2120452215392,-0.413723998366609
5.33781634660056,38.3494333089935,9.9738546809297
-37.0364041211137,-153.014500544832,-32.8893404691322
-41.780230609391,-202.87198154326,-34.5614718830288
-31.7346192930212,-128.196481523891,-27.2038263368457
-11.2354616899397,-37.1822419098382,-2.59131368447878
5.35969889100419,32.393584116733,10.7236636640225
-0.357674075254507,19.6205664184132,0.518739644572053
-37.4737968135244,-165.683746494807,-34.0050233377706
-38.8642592467445,-186.488841141166,-35.6610991616603
-26.4813035281229,-103.319834754825,-24.1065577735856
10.8598730906689,63.2915069058204,15.4364479953574
26.4559703002375,136.243907588659,28.5554600660043
-36.9051557052428,-151.431279899508,-29.0829169778198
-40.7813765419712,-188.151199753941,-35.4446729530847
-32.556316852378,-137.685306729623,-27.0882955887942
-4.88616959979971,-8.08213411493676,2.62870816422153
2.49119454285538,22.2834477925107,5.23167868406848
-5.76791691600027,-14.286269229544,-3.36377383625401
-33.3705386838924,-140.340517677904,-36.2564140586367
-33.0212981017221,-144.635937707016,-35.2526584801768
-23.5910889791163,-90.4178791409596,-24.1629503590444
0.507392755502509,19.9048398187167,4.26708056732357
-3.13884411671844,-4.645477794035,-6.0540509010225
-13.6328751868039,-45.6984378956393,-17.4111120521228
-32.8351794085746,-159.047030960765,-37.5287709660111
-17.3065979348366,-63.016415458858,-18.8250844884084
-5.9006222168776,-8.06352289287512,-3.49183040441906
4.37549220418111,30.326448389441,4.41372674179963
-28.9033627176703,-123.741519365977,-35.8043743293346
-33.405502212119,-157.573168350502,-37.6143898104851
-20.5545630224581,-79.4083615585089,-20.8116491189245
11.5116703541243,62.3763283018671,14.151953487723
3.31498812454329,25.7600639805679,3.85679663618419
-27.7967604706835,-115.653047527148,-27.9672800628771
-30.6783115719552,-137.670886390115,-37.0042810203816
-21.8666649914953,-86.2833015857502,-24.5600019718618
1.46471868042673,17.4148838401575,1.67151822237348
-8.06198671081156,-27.5693909931798,-10.7883570719768
-22.1058648877626,-87.4860687584286,-24.8116012789838
-29.8192532948371,-139.42931948505,-38.6198040324369
-9.13375855217408,-27.9731773587599,-11.5612590163874
5.39080151424029,35.9701155037143,4.92116100920753
-6.47760179220716,-21.1020887307532,-4.09310393779986
-33.7364059593139,-166.59985095653,-37.0595527042357
-32.0153655946858,-148.278993987475,-36.2076457369641
-7.02964805373043,-17.5939928146892,-6.9348411756361
12.9804579522666,69.0319895383365,10.5071956429425
-1.79430384593806,0.0865959661823936,-3.78509027080009
-31.5562924821503,-138.817539664149,-31.753695920865
-31.557471586313,-140.464631763434,-34.4748232307415
-15.0902458989698,-48.7879970047903,-16.7074436770871
13.3197797654073,71.8748184437903,8.47638636942296
-18.4360390132244,-71.4943405959832,-12.937898003712
-30.3490602139229,-142.65104761937,-37.5719747342809
-21.7698445833859,-78.5228258745272,-24.7561699975263
18.438554508513,97.0015810309705,9.63736295780125
-5.40446482024679,-11.1772112085956,-10.9581887346744
-28.9544635485933,-128.830220131845,-38.1836749168122
-13.0227391604769,-42.5984934720076,-22.2415141585938
-1.80193619252976,6.76632170312421,-12.5989018544863
-6.4346045708673,-17.1451187494195,-8.07224202553347
-19.4937877588021,-76.449427270572,-11.8182828534136
-25.7132506526458,-117.943629455504,-32.9798522065639
-5.87743459918058,-19.0397256637237,-12.954185742876
-1.79141559669456,3.22687827473676,-6.57362273928309
-18.0099195549297,-72.63113145919,-17.1000686635848
-26.9466218668417,-125.546160774211,-39.7943654788737
-25.1953911361982,-107.93188950763,-38.5346043174276
-11.0416262986698,-37.7422594549514,-8.91879938075612
2.01347274400464,7.57266882432169,19.3801009607805
-2.01955217368775,-10.1699848903523,8.77931451370198
-20.0715329140762,-80.8684087720259,-39.3367008237821
-26.2457919279491,-113.38661753362,-39.9786379375315
-19.9850314027844,-81.3173400202395,-27.7065583426743
-2.26140682965999,-10.4290225406587,3.15119762562592
-1.62502212507565,-8.38529991745771,3.80978554671716
-5.36209055768152,-14.5215501207308,-2.75922337044889
-24.7460321413524,-116.999594548867,-40.3951830414139
-28.5761676065359,-120.913406895925,-29.5138155486497
-12.9722205556901,-49.3593914529951,-11.4045476905927
4.80712484693993,23.1403147305629,4.86762945562196
-0.549576855456926,9.68490503423329,4.88255543883095
-11.0706716646735,-22.8332869879824,-5.81217591413412
-34.9214327803001,-169.812425458729,-36.8193971612643
-26.4986489669416,-109.009897251777,-30.3111268728824
-12.4397947394393,-38.198348071652,-11.8288406594566
5.79048956939211,32.1390286848246,7.80170536280151
-5.1701312972699,-4.36925857466486,-1.79603923362931
-22.3679358148759,-73.740316936948,-23.9591968845214
-35.0252766131463,-170.732698393913,-36.7600270318394
-18.6022210436031,-67.3135545035872,-15.875431221374
-5.92832439295132,-9.16484899416012,-1.87797608463234
3.53254753227116,23.9271015143401,4.11140534118208
-23.5168636983013,-84.5366304786234,-16.9721276233506
-39.948295475378,-176.840380897239,-35.2433119938172
-29.5830253603904,-130.785291056511,-25.2145615221937
-3.92052102643316,-5.88381317855976,2.46484963177091
1.67844178113442,13.4527208483045,5.23403241118968
-14.5630983023165,-45.8349642798394,-13.5990448777836
-33.196312570598,-156.489895264836,-37.6877537812859
-29.975777835915,-134.625997437415,-34.0750757069852
-6.57925539477074,-15.7199692227495,-2.84529829751087
-2.90464748207024,1.80141920895205,-1.79689925325431
-18.6130240478687,-68.348170772668,-20.7662554583918
-31.2841684848287,-145.505712721381,-38.423290497324
-15.759296190368,-58.0469428582764,-15.2318115808887
0.902697577640903,19.6771429656911,3.46493018561956
1.97552171965433,21.4167826027535,2.13763884171528
-34.656191725954,-148.136231535613,-33.8839117721584
-32.8438636844366,-158.521725952039,-37.5799418955002
-20.9674027993774,-81.7496183258851,-21.7546601218051
-3.55031646894933,-3.23239991289681,-0.889043346468218
2.76562408326028,27.8965373198132,3.76391613081413
-1.35275906583903,7.21490293689799,-1.25711714691365
-35.0647979715388,-158.968908245136,-36.5042735864303
-34.8969179605337,-167.074808299688,-36.9846347835974
-25.3696317781992,-110.169669765629,-23.5133678762677
-5.63173354696016,-19.0886646379612,-3.83441077984392
5.91002345807526,29.9584780994338,6.4544237090443
-16.8488334733432,-54.4662872235605,-11.0430694276526
-41.8076591463678,-194.829631863373,-35.0429157223429
-40.30053448081,-187.353441943288,-35.3917721041704
-21.3535185283938,-80.2210307468469,-11.4709307473868
-3.65819706256787,-10.5712443780697,3.26226921185356
-1.37433558199163,2.11605888019546,2.78300989046794
-21.918627264373,-72.869923887331,-24.9827261428519
-38.7385523860593,-178.470086645127,-36.14725270585
-33.6343634169424,-143.233095435413,-31.3389730705309
-7.11986358714731,-11.7120543958103,-0.410815526098821
9.75001306036282,53.7352271462909,10.1742191821414
-5.84246075881917,-12.1425688041346,-7.64274744139916
-35.6061467333387,-168.400556898301,-36.7300540501017
-25.7162095110955,-107.515332098129,-29.1720983603351
-16.3144805281205,-56.2981709307024,-13.2678638563664
18.6690261919376,88.1756443984217,19.8777002884172
5.36889761107253,31.8942639995045,3.17992158892016
-26.9577395527621,-113.231933486022,-34.1794410753949
-34.7538014749177,-164.570543615382,-37.1406153240804
-30.706114312843,-131.86700938534,-30.9914015310326
17.9622158576115,109.701341921109,27.114430850429
3.069383511891,21.4072116512803,-3.69220803955246
-12.4281856530782,-41.7395910789155,-19.3501637758086
-37.1986267120608,-179.19896668211,-36.1651169305909
-26.0829260535195,-106.492122247783,-31.8721556229922
-15.9534462172867,-48.3481125183207,-13.292642066876
14.8033972101176,76.9613601850529,13.6251825004921
-2.13518394703794,-0.929888310246387,-8.51046601017037
-19.8203158831168,-80.1722379433952,-29.0885197547383
-29.3470990733346,-139.064699922881,-38.0872340416938
-5.90802422975113,-6.42568414542773,-6.94313798208429
12.8927986650581,68.1582628582437,10.4364589485697
-2.25374437160203,-3.87471362358684,-9.67570074105404
-29.1169540652702,-136.991557359234,-39.0208283958352
-28.7315925893834,-137.25662399091,-39.02033885697
-16.0786384233079,-56.8499788137681,-11.8308557342416
37.159020765393,172.304903696745,30.5703449475796
8.29175147565143,39.4397859282903,-1.48305721472348
-28.4921403426307,-137.111580630499,-38.9986195484648
-19.3558478776088,-97.6774451619189,-26.7501193751805
-3.36556477408551,-6.25168774627385,-4.51527614426015
21.2600428107044,94.9726366985322,11.7795734189932
-3.749275602698,-11.745350235045,-8.38364129512271
-20.9352259805018,-92.959047300161,-32.7567147894369
-24.828099243244,-122.081873801562,-33.9002969355099
7.78435908707761,43.7696102044829,4.01078235758125
23.2345000330026,108.784579570673,20.3318785577728
4.55338701051446,31.8323564039808,7.48292313534057
-27.5626924621418,-134.397468001447,-39.2386442214275
-27.7441797608828,-137.134796342294,-39.0671450290271
-10.5094936447135,-44.9802417990326,-21.2391390796028
8.5105477096838,44.5706456883619,-0.359660649689065
7.88007087149221,39.7619907631554,1.60074438601765
-14.7256784461484,-48.001991538922,-28.2891867031521
-26.1751710028425,-125.203290849987,-39.8457957088871
-20.4934803095285,-84.0426417254744,-28.2093689507571
5.32712321254368,22.6181005809386,3.47816236997527
5.500770664054,30.9434028336968,3.1650316700827
-11.4608125611853,-36.5467591866087,-16.4470952796894
-29.1563818258784,-144.576436731435,-37.6441585230787
-11.3678473452548,-50.6414333992768,-16.6518001022332
2.25474545337268,9.98531806922633,-2.67430890228849
6.3371801625131,34.8867285640422,-0.0850242536763886
-24.4933555262933,-110.688172281518,-39.2639754420572
-28.4817041246621,-137.938488765933,-38.4760891757242
-14.9142649266984,-69.6633002765874,-19.9352980530035
4.16680385938468,17.8187302935276,5.74587069467963
17.0676711360667,79.8943730038665,18.805297440992
-1.2524276229201,14.1840435279095,-9.0192788400911
-27.7668962404057,-131.925036543951,-39.3788219577467
-31.2365919199422,-149.662535114814,-36.2624508829802
-6.7670511787605,-29.8521288768154,-10.4298568869073
27.1820340483481,120.62509667744,17.7768795040864
10.0433469969848,51.9513028223367,0.396187950780408
-25.6266669521367,-102.070656678725,-39.675693921191
-28.1302937132778,-137.769089430011,-31.0336428856682
-13.7446960488243,-68.6896123193841,-15.6005020855506
18.3316307088072,87.1199586243255,11.3412039208549
-10.2875818326154,-25.1047255675366,-16.7005465259765
-27.6626308050775,-107.90087279369,-37.0511090668421
-31.4405711501967,-151.945427836918,-34.8573181504437
-5.04918775936595,-20.9510995318326,-5.14596651771541
16.3994818733535,73.2851969932755,17.268575572136
-11.8332261589914,-32.5173718146684,-14.8339619780936
-32.7080144405553,-151.940096281691,-37.9802736454763
-30.3086470172515,-139.917054059605,-37.3576308757336
-8.20422230345368,-34.798633756564,-7.99557974913468
8.49939098632104,41.7215582000923,12.6317308685416
-5.67776123638983,-11.6651956518628,-4.85797781143264
-30.2493847004769,-132.067426785385,-39.2709790048578
-32.7385556782312,-144.868387190257,-38.3633545414553
-12.7689212361113,-53.0963288233671,-8.5551300878202
8.91198704995206,44.3094674900111,12.8466191352679
3.63470567965309,24.46912032899,4.66146455307448
-21.7578941872226,-75.9185514645051,-28.7729044779741
-32.3833817243867,-156.763658505995,-37.7038452206648
-30.0825485758324,-134.421934738303,-35.7630486393352
-8.11156474356238,-26.378875712739,-7.59780486749316
16.6634509296964,81.5780468804143,17.2537791499873
10.6415116765567,63.3965427709331,11.1455469666817
-30.3249004600065,-103.902495949193,-31.7711875579815
-37.6017671921741,-183.827605160709,-35.8712730026705
-31.3714534470664,-136.469208185732,-34.7486560376401
-5.61066997749981,-3.13743417029674,4.87433951598446
10.9469893788928,62.6185528778361,10.8533405855075
-6.70341817069803,-2.90605653505133,-5.19583321440233
-47.3311590519059,-207.397062133466,-34.0679299099158
-35.9269340124902,-153.188565219532,-30.7366087263285
-21.6563138040835,-72.6196570334946,-12.941568025827
7.06157186080111,44.0016514899058,13.0057713695069
-10.4537178599596,-18.1855948224377,-7.06904892958869
-36.2626746381461,-136.947263116169,-29.6443238941707
-44.8881085622404,-205.535650501359,-34.2773366274289
-23.7120689417283,-73.9253566239889,-7.39432917822487
-5.45662267939213,2.52075669478759,9.0486861721551
14.3149254647971,78.7860814625277,15.3552380936565
-32.5067727546867,-127.210851110639,-27.5987446898409
-42.2103004028355,-200.340850944339,-34.6961369272262
-28.8674982617172,-115.457835097542,-27.3694966303455
1.54398266736065,26.590691028615,8.20446589825534
21.2877316354716,107.442310286346,23.2636187840671
-13.7593855803373,-42.8409472634031,-16.3641677409823
-36.0932080490032,-175.311821608543,-36.4425623815273
-30.9721969146963,-138.925715375316,-33.2439025342265
0.556492478734444,20.3175963308003,5.05368452100261
3.73994297650435,25.4389632028471,3.039064488769
-18.6493009798684,-68.2339316860245,-19.5316587263105
-35.167313026807,-169.517641058234,-36.8272490154337
-14.6448568565091,-52.9445991857218,-13.609196441263
8.66290173460874,52.5399837000967,10.1294182419432
-7.51467630555479,-25.4031598128665,-10.2602233590058
-33.1291819013493,-156.507920160871,-37.6893575142938
-26.5606285065636,-122.797747524643,-31.3413766749256
-4.94220203532341,-9.04779406030729,-4.92444427496863
-15.7253736718216,-64.9760925490764,-21.4907528335159
-27.9870096172422,-127.548324580236,-36.5192868071628
-21.104132479865,-94.1186986521143,-25.7137127816785
23.0631133482799,114.429348461462,23.7067145583811
11.9151448238618,59.690454676995,8.42363359309249
-34.6146344680803,-153.622244298905,-34.5564132966758
-30.9212526162286,-142.803805706606,-38.0732548862878
-21.5188692278593,-80.7318954620836,-23.4603315031606
27.9902220629309,133.094664177696,23.0963779334876
-10.3091780572639,-37.0855167841225,-14.2008352039954
-31.7611681997052,-134.330509934985,-32.1747226759127
-29.9148003417876,-143.966209714536,-38.337102070123
-1.18621794124474,12.9686871103261,2.73766082436356
20.1266237411388,91.6232516798837,18.1125399495614
-7.70959137982039,-30.823027400382,-14.4805680341176
-30.1015626988817,-150.44866961666,-38.1740173150451
-30.0537698391572,-141.60880613397,-38.7063208383955
-15.2232677880705,-50.5786502541054,-5.38135027323085
42.4370782524751,196.377401718836,34.9482061001042
7.47667278886052,31.3906840468292,-0.0341746210308402
-25.1334801948834,-116.677204274371,-33.8990285357424
-28.6945089886793,-143.544271320179,-37.0845633612421
-15.781563558025,-70.0480195723836,-20.4241896166693
31.9410782447035,144.254585949505,28.8087483799082
24.6397253785733,105.289006609544,19.3254039216178
-22.8681505083596,-91.5277681794054,-24.805274555568
-31.7076794298142,-159.114223458515,-36.9098394152965
-19.484881406641,-84.709232319758,-23.2830508045489
21.1901283690373,106.121684421642,29.6734271332734
11.2890283040157,62.7949416973582,11.8624090326645
-20.9334084826578,-69.3836635324278,-22.284643848748
-31.0716442563782,-152.543011484712,-38.0095535406622
-12.9804007357821,-49.7339636746195,-13.3350794834249
11.5498932389243,64.1908225153521,25.0082215861886
0.726564184861629,15.7158720217252,-4.26368155536465
-27.9951070050073,-129.291864803064,-39.5276838316159
-28.3400669155985,-126.482884638812,-39.469090911714
-3.80766207098205,-14.7799939945911,14.6941061225147
-9.84431566592523,-36.7102206331877,-23.6819474687051
-15.5476902716359,-71.7501369225555,-38.3647508404479
-18.6169919479233,-78.3302323670169,-28.9071730467287
0.495116211511994,15.3414912009685,1.51470587948141
-8.42864955210753,-32.4310568260751,-22.2819906083512
-14.8221643973528,-62.088094363184,-37.6468277623149
-8.14845379019242,-38.4192335138051,-1.48057450423066
-7.55681548797719,-30.1985052215285,-3.6908170671892
-15.9720228398816,-77.3527020015451,-37.9982902996454
-8.46697282005036,-27.2985186525547,-16.341743301378
-4.28143033351022,-17.5761097338373,-4.91917620262936
-4.93839088569708,-19.3357087789181,-6.72065517117037
-19.2266386630625,-91.8852391619276,-40.7028201037618
-16.8768972912789,-69.8657499639259,-30.02464577718
-8.19046638259952,-35.8661660877758,-8.47207804609614
-13.4127787696715,-62.6671215836012,-22.6951282208637
-13.2498436675547,-61.6676898655485,-26.8749448613649
-2.24643497261226,-9.53446498893613,-4.66307470175934
8.28057408831933,46.311298312499,9.82509913771729
-10.7509094899106,-32.2919354047222,-16.1707808294536
-34.4084276493516,-161.621198116559,-37.3313910070324
-22.1328723741985,-97.4980860956711,-22.2497999392918
-10.2703604577638,-47.5064008667991,-0.897134863014836
8.38913945519686,52.1924458794494,-1.21211233097484
-26.0648194865207,-112.455042837086,-39.535104650314
-35.6602530982239,-148.01049592433,-36.4112934539446
-25.8740927760144,-121.435422564402,-19.7239109350953
4.58092484010943,34.8655775194479,3.76649502189542
-6.60931111273281,-15.8935642783226,-16.8270136987913
-30.248011534844,-128.669913840332,-39.4748847081863
-31.9195500423564,-139.809228211529,-24.3129976389473
-14.5902188237998,-74.4509022665755,-8.89433711105348
-1.30576039710309,7.46923706980562,-14.0275904749709
-25.7851223894812,-108.277307531541,-40.4036233191949
-33.8319560276609,-138.397156973738,-37.6012256738026
-25.9388456854438,-123.957271650731,-19.6766765402051
4.45567031536795,31.2656109970681,4.08750319422786
-1.9679808032891,4.35615097589509,-9.14764982642214
-27.9302685415202,-126.699746100901,-37.3924711589518
-36.5353675981598,-164.186714758113,-34.9657157439202
-24.9390450506057,-115.530770174763,-25.7089253208233
12.9002543747793,71.4439153995328,20.3056882343702
3.70622701348125,26.1978901470932,4.89487751063516
-16.4539668011016,-57.2853258964307,-13.3897217741701
-36.9047733052104,-182.557473261749,-35.9753606720867
-24.3296945026569,-103.728527952912,-24.968100542719
-12.4241694310004,-49.5643812837971,-7.72750367906549
21.1350363642315,102.101065341656,27.1635346249314
-4.94044266743418,-5.55330191637761,-11.5208508449866
-21.5000569917071,-81.5966911968808,-26.1825295818522
-38.0415574649414,-184.335944540786,-35.8231810289552
-18.566524299884,-82.4292852758167,-16.8765819114556
3.4424236306673,23.7007569513441,13.3752576376927
17.281176607273,87.1546007596124,8.09447689013234
-26.6491115558528,-107.440959195053,-29.9059113193961
-42.9139892930072,-196.712653279704,-34.8856812314975
-32.497090232646,-150.680716465146,-34.8709400694521
-15.5080566113509,-60.318621302987,-9.09222712403341
35.9322927753335,173.133864353019,30.2896764278055
-12.5684122550295,-30.2536317648301,-14.5603789372424
-30.5464182813765,-111.408144242619,-34.6119879475211
-46.0751086850436,-210.037537071326,-33.9597434283187
-25.6973113874729,-113.820620930024,-26.2878702886996
5.60433051296114,50.6318958792153,13.9195796933953
16.3946895343292,99.809453397087,15.3773118814683
-42.527766249793,-166.536063552349,-36.3317255368673
-48.0170432767768,-217.966773425032,-33.406311863427
-38.9365776828115,-167.893111281533,-36.3206168824622
-10.3101983442256,-13.8440784623599,2.89138597484395
13.4138580689519,79.8026622028999,23.8502859450679
2.53742014943502,34.6084701815767,5.46366164979466
-40.7459598282261,-158.828129848596,-34.1054738159552
-47.7795103439598,-217.903514859471,-33.4196086946733
-37.9204265512352,-147.775065130973,-32.4016790300922
-9.39860066211181,-11.4267029900303,1.28987953921962
6.24406708841015,50.3931344366867,13.8483159169291
2.17753360086656,25.5855282253969,-0.0272330375584742
-29.2326946532731,-124.232568974661,-30.3350714087227
-38.3932193728251,-178.262982758664,-36.1734922595671
-29.1362705904632,-107.123902415093,-26.2054483648093
18.8366987231175,104.156645741614,20.0054666399118
21.1477425874972,98.9900726938395,12.2030192682031
-20.2146374767927,-72.3600752916271,-29.9948099834307
-37.494756158343,-173.452911345488,-36.498035072937
-32.4929552797001,-146.54577575223,-35.4658685770115
6.76211639904503,54.7399123294589,15.0867872709373
7.39221002050015,42.4951102193236,1.27627165268725
-11.3252326870921,-36.045473940551,-17.9292622560833
-31.4550517183225,-144.278529285628,-38.4900861741294
-16.6579961226816,-56.9349304405103,-18.6159176619955
7.61455525698207,49.4794485887424,6.33498420772951
1.18768575291526,19.945614241203,-2.64257761792212
-32.3685972863698,-144.639280578812,-38.1052326071498
-31.056055362028,-137.886805370332,-38.889549463299
-17.4060334511857,-60.8594051720554,-16.5305276849626
18.897879720004,90.9229371167205,14.6103752508633
5.74405269442135,32.2612155831232,-0.910435042764246
-30.8309238098925,-135.182929501421,-38.9007872775191
-25.5039011588874,-109.605214534072,-31.4685310816002
-15.7020517301715,-61.7572191183245,-18.9581514503603
14.1556374318326,72.1717329494304,10.0118038590942
-9.81870103048436,-30.7613057634281,-13.0999069463083
-27.4507796215971,-109.658967956439,-37.1074307377498
-34.0773513522049,-153.147177595361,-36.0997419568568
-12.0267246250443,-34.9928373404174,-8.44436077457319
15.0728742310761,73.5425810733597,15.686196833022
2.58159855772087,14.1992811570324,0.186445854935889
-35.1552709499493,-160.828140648499,-37.2624340564254
-32.444429012552,-150.118015801369,-37.9934752247491
-12.208412635014,-35.1243834603006,-4.43586715364807
38.8126324724903,176.373398720633,28.4934241111957
11.3841211115578,55.8500766699478,0.135297222007488
-28.5918142723667,-115.537991017577,-37.7023813013841
-31.2715774359535,-142.281548741822,-36.2972439780525
-15.9892037391467,-58.8930343530075,-16.5385164559203
47.3786149878347,201.434006931692,38.6004816512518
-5.93246062984953,-10.3879818404236,-10.4244226643806
-27.2956526266723,-101.369028567988,-36.8976988475205
-31.6040338117517,-144.455815325377,-36.980156394674
0.225869187460814,19.5401142174147,-2.05310828720998
35.276141386074,151.536535391624,21.7117622210596
6.37256010434885,41.7263892727169,-2.09015242720364
-34.5597829604903,-154.076112270309,-37.7780419453619
-30.7572520406562,-150.085401781862,-38.109585811462
-6.74405694936957,-16.6803531805965,-13.3077498645228
22.3056612908385,105.171672815177,13.1458065127892
8.01680557685832,44.3851566955308,-2.07544829147285
-22.5087844391449,-80.2513210981254,-30.6162360232134
-31.9279971097437,-140.10502828986,-38.5882450848853
-18.6204038597551,-83.7508990363679,-23.1617965700944
18.0129649477271,84.024591938083,12.4130058858059
18.7389950441332,87.4741230637622,9.55032614774227
-17.9254196531143,-58.9207022131329,-25.1060744144208
-29.9185711189487,-136.51694770852,-33.3172402927308
-22.7201862396902,-103.843088398416,-24.7122739131741
3.6740681760476,18.9995309442661,2.3147320829688
0.09749596549424,9.54805747271374,-7.65511662031593
-14.2777121290891,-49.8998727254073,-24.4065658179787
-32.1454629673597,-142.841543903525,-35.7353555137608
-17.3718769755257,-77.3259020828293,-19.0705707960092
5.51456251557481,25.1751783801114,3.75724012990366
-1.50680575975886,2.51716744962412,-7.28242448325376
-28.6660195448301,-123.227244442469,-36.4513912183253
-32.532693989565,-155.252174229074,-37.7885617866729
-17.9504949886078,-74.8221106980627,-19.8643202252386
24.2084798790694,107.710843950861,17.4973435011189
8.40904812578033,43.1249350884443,1.08447530299546
-26.2912590749565,-109.825584825493,-34.0771478808055
-26.4692868107848,-126.050822958378,-33.7298458167326
-17.3542334167786,-75.6624796919905,-23.5777485484761
19.8514416510344,91.8085786461396,14.9457609485236
-5.74184210722985,-10.7051587440109,-11.8663501244035
-18.4884275789716,-60.2983746277125,-23.7875604191784
-34.7544102208847,-166.243280782896,-37.0402267441908
-18.9800646151468,-69.8084163283348,-24.917292435694
-3.5707379508211,4.29661129510802,-6.99996715967364
16.2893121739528,89.0424393877645,8.22088114977602
-34.9990698028097,-132.100347073531,-27.6256830501424
-41.1141544858783,-192.626956520059,-35.2028164293613
-24.9442624547477,-88.9927980613784,-24.3276616181274
19.1960901599877,98.1923851815574,21.6956132827071
23.487199375765,116.522033389615,23.2108566882591
-32.4718075094373,-106.687177617107,-27.3782303759294
-39.1462588938648,-176.859044882338,-36.2276069513051
-31.4460457173498,-129.786338770974,-32.4266445117143
-18.4611850290896,-71.4814447460207,-12.8043325807418
1.24628082931451,18.5596168368755,0.631571756614888
-10.5556915445213,-30.266390073264,-12.9067889338233
-38.8557357690524,-170.206510590579,-36.6383799338031
-28.2075761787477,-114.506440561264,-24.4463105191742
-16.9893637527318,-59.5498344002799,-14.1457687192073
-7.09153893287845,-17.6646757075572,-7.86145790023143
-27.3941087316172,-117.326562662304,-25.5696418909971
-30.0265568858862,-136.057247120946,-28.6338362306411
-21.5677615771647,-80.9573750804626,-24.8515136987523
-10.6186794400044,-37.6340469382854,-11.715543339436
-9.09705853909703,-31.9572321133004,-12.5770170649714
-14.4965435876225,-56.6182871700974,-19.6080410262893
-16.5692698568249,-64.5831954045606,-21.01390414812
-18.0911445582226,-71.9282321008235,-21.138993624955
-22.0836205373067,-92.0855932774211,-23.8565195818625
-17.8112299058861,-70.0990855579301,-23.6732723369554
-14.6678354471032,-53.4808163192333,-17.4161042696285
1.17388175522884,16.3824480582544,-3.20823548703775
-17.582348336459,-70.9313242697224,-19.6058266103583
-37.0715149135195,-166.942059635696,-32.7056158253175
-29.3971137153701,-118.947735587602,-34.0655846494624
-5.64001092934579,-9.84737257736248,-3.40189054151775
6.01802684713104,33.5562177635535,4.32757252696821
7.21136907368993,33.4225135350014,0.961194424952321
-13.3043052035679,-41.4659942503218,-16.4315348035046
-31.4840616670771,-139.170476187704,-37.228742295388
-29.2456760456285,-125.671485215978,-34.0548838452162
-8.06059437173103,-16.2440593910273,-8.01459932833579
1.57110189718045,17.1574287806301,0.642710197274977
8.47953434258143,46.0354809244776,6.26702310416142
-21.460632762711,-75.8321492350554,-27.4099790687216
-35.33219623979,-156.210080390311,-37.5591073269897
-27.6482366204894,-110.565237266463,-31.078489632526
-5.00597346412526,-2.37322265298872,-8.16236770225567
5.27804507951076,33.9749842371962,-1.7346208574122
-6.80837483420448,-16.02949274201,-11.4775621087779
-21.6716697829242,-80.662149303935,-25.2984042504469
-36.0890918800552,-166.826780512033,-35.2251628274092
-16.5227919702718,-59.3633070654618,-17.5022898972614
-8.34683359356731,-20.0898533494981,-7.22573545528742
1.57452398763821,11.9600630682773,0.0277485897311691
-5.2686904858887,-18.3360819080276,-9.4340874660828
-13.6470125886492,-49.6899881880711,-22.1577202051698
-24.0852608247412,-117.361206156401,-32.5399171976263
-8.99306464100048,-28.1695345239414,-10.7751053429235
-5.87696838492013,-22.1329306551839,-9.52194542529216
3.92021939987242,23.512534067093,-0.732560820020477
11.0549660216168,55.4537127707854,0.212245259554867
-0.774962621842575,11.9261734478914,-12.7095719019998
-27.1439664299405,-128.010466691193,-39.6319466746642
-13.4393888025474,-54.2781513127561,-24.5374020357994
-2.06411865087009,-2.3738943383973,-13.1200015936614
10.0580212955534,53.4106454204268,-2.14529291038107
-21.7528241574062,-95.3218768113958,-41.2489077583533
-17.9731481908327,-76.8175218451332,-31.450356094992
-1.23575295180843,-1.99022303604061,-12.6894898330986
-4.36491826946586,-11.8095936982879,-15.0018276473241
-21.2637350413707,-88.8957122391451,-32.6207078639965
-23.5241739501007,-109.169159251045,-31.5005501536
-1.74473096049783,-5.07084682370826,-6.48429328549093
11.9183831738716,58.2605395752441,5.74929896519715
5.21156573903954,28.4739087023188,-1.50189715170071
-18.4176566977482,-67.594093877139,-31.1593147661284
-28.7456686615388,-132.726716233556,-39.2915702795251
-23.4580913755504,-107.911943527344,-28.5452930666707
2.31801494567932,14.9475986288262,-1.90790984889008
18.3320661955526,81.3343288236462,15.0216576227591
1.2653033596617,13.1468072563113,-1.51775390309848
-27.111960245626,-122.278978344006,-39.937116222868
-30.874243411961,-146.244799896212,-34.1753422697488
-10.583951261879,-50.0576820022948,-16.1381810293872
11.8287016381808,53.9823531606968,5.82291074483096
10.5358826698347,51.7510573108748,4.66850125455413
-18.0319724314247,-58.6635231612259,-28.3705763797361
-32.4413877456051,-149.707493731278,-38.1248948662991
-31.0374136839781,-137.140801196601,-36.7283887141781
-8.50127809984797,-37.4378559413932,-4.99867751952249
18.83623685188,86.9008979516725,13.7741633154911
9.03803589667497,46.5910713215214,1.48468095150838
-19.4561981880748,-69.7341875524381,-34.2560341526641
-35.3577840374753,-163.929322264425,-34.7549293026355
-25.9910729155876,-128.749755148309,-30.760371774478
7.89793009412891,49.6605180801677,6.61945171142478
7.53933765312705,49.5132599243414,0.262630898414436
-12.9033027627356,-29.5821581686773,-14.5206050660366
-42.4763140469271,-199.010247304838,-34.7653325998326
-24.1355775121781,-104.828864212768,-29.1631783800801
-7.21573092469119,-14.6231971772126,-3.3189789323796
27.9096095442766,137.092509604365,23.9330650419671
-26.870030706695,-82.9318397013908,-26.3076217229821
-41.8527581994041,-181.98967972926,-35.8115088882682
-33.54321001189,-151.320365162223,-37.6707163564577
-5.02161476914893,-0.068053272079363,1.53994778709072
21.4203043634657,108.033181931854,22.3428635762168
-5.26824606630552,-1.98701477289297,-6.96838260430753
-38.2596644220957,-169.719690626313,-36.6914319855374
-35.3425186164303,-168.895766113188,-36.8575532885515
-12.924975189551,-39.0962809631027,-10.7422241346318
19.564594706668,96.8014701948127,18.2176613333779
-7.06503439856541,-9.3251912126809,-5.11622048462986
-42.4761766269484,-199.384094989795,-34.7429072355344
-19.1948473423362,-73.8748525194163,-17.0113816218082
6.27261286755625,44.6044570288621,7.82116139689936
5.07259935011198,40.1261585030595,2.59119318247862
-20.1905948033128,-65.3531180626596,-18.4495224574412
-28.794505475914,-117.065923201634,-25.1625977221987
-35.1701584883697,-152.764220870816,-29.1990070748829
-19.4765908383156,-67.269417069079,-13.7697713423226
-16.0212384123674,-55.5065504417656,-10.4137574369994
-17.5684856088777,-66.7714341918487,-16.4626411908006
-19.9730599867589,-79.3349356515104,-21.7726481281057
-14.7955568495184,-55.5696217322929,-18.792333755415
-15.4797586463637,-61.421166404274,-20.420539669889
-18.1515180684917,-73.0489142316326,-24.3360044233624
-19.4706242757156,-80.9381877043346,-27.0232171000446
-15.8214611179616,-63.1349293317794,-23.9640457953748
-15.7705506617572,-63.8398721764959,-24.3371189762733
-6.64793655958582,-18.628187065143,-10.3547246470413
-16.6045496556441,-66.8124670468234,-21.8920699909648
-14.6410424788839,-58.6283655248696,-19.5349897026858
-13.8060794529851,-53.8941081316852,-19.2191103339795
-13.4188843795155,-53.8792721811895,-16.3621549606147
-14.3120412480525,-59.7547256462891,-18.6205681446339
-13.708353691688,-60.0588534149315,-17.7731346474366
-14.9038101130689,-65.9388286952623,-18.5858512070948
-15.3516456636656,-65.9647330803542,-18.6130501886321
-15.5907038326775,-63.7858213249102,-18.780889233865
-15.1839090432868,-64.8197107210169,-16.8484609950075
-9.05812005834161,-35.5347758109902,-6.90392198234026
-15.0205618767266,-61.6355147295179,-18.8460466411599
-15.3883323676846,-63.2328540965621,-18.7221621261656
-15.334318589073,-63.0881108282912,-18.6530072734063
-15.329789329696,-62.9734422529966,-18.620068558299
-15.3625264108737,-63.1188547419582,-18.6767009923809
-15.3719118069829,-63.1311130467361,-18.6889234115832
-15.4010191140201,-63.2992267794008,-18.7310056286751
-15.3856106170388,-63.3024787383572,-18.7380935176837
-15.3483966832368,-63.106498285458,-18.6713409022097
-15.3755330428652,-63.1988582239387,-18.6913805181824
-15.3495721856348,-63.1029518713347,-18.6848400002945
-15.3764410663598,-63.2457816220307,-18.7218621266904
-15.3843310744151,-63.2479555417901,-18.714749424516
-15.3711085969934,-63.2123908713582,-18.7040788705054
-15.3692416898103,-63.1947066878646,-18.6918812644691
-15.3430642138703,-63.0731075347855,-18.6535576460247
-15.36066027697,-63.1713021704882,-18.7002954586919
-15.3745741591768,-63.228097438537,-18.709664520654
-15.3688701706812,-63.1871068893894,-18.6990187798094
-15.366631744369,-63.1618229074206,-18.6939586891133
-15.3890237724696,-63.254084694179,-18.7208606341171
-15.3813496098446,-63.207471962871,-18.7239643645006
-15.3602879845615,-63.0935707599894,-18.6716409016848
-15.3591648889161,-63.1612177854698,-18.6809603373152
-15.3511708406351,-63.1009742550199,-18.6782280444067
-15.3581543717545,-63.1964880007347,-18.7122178784191
-15.3536251123775,-63.0818194254401,-18.6792791633118
-15.3754297759188,-63.210920225272,-18.7173275954469
-15.3574105602168,-63.1111567917607,-18.6907008367524
-15.344983527806,-63.1548923296362,-18.6885737857763
-15.3420529234293,-63.0382461380268,-18.6490231147812
-15.3361338627829,-63.1118260124514,-18.6781784180749
-15.3735112352626,-63.1992670424449,-18.7181035280428
-15.4013389996761,-63.3128575785426,-18.7368416519671
-15.4014939000956,-63.2947645765428,-18.6979210360703
-15.3554318478293,-63.1959810305061,-18.6923571975898
-15.3923852944273,-63.2117216506675,-18.7166012891829
-15.3568740558513,-63.0718331921439,-18.653081712904
-15.3921694489971,-63.2561604622161,-18.7206102609738
-15.3697774208964,-63.1638986754577,-18.69370831597
-15.3906224274699,-63.2521070778642,-18.7142486782294
-15.3628462965296,-63.1324855411,-18.6825370156728
-15.3622589319703,-63.1693245541734,-18.6936835028041
-15.3463748756342,-63.1069071039642,-18.6980639120701
-15.3612992750025,-63.1284321567481,-18.6761754329284
-15.3783072002635,-63.1933341935007,-18.6982676603794
-15.3628987032822,-63.196586152457,-18.705355549388
-15.3699932663266,-63.119459863909,-18.6896993441791
-15.375481409392,-63.2048892246053,-18.7043540568147
-15.3827840528879,-63.2439021574382,-18.7083878417715
-15.3640132606696,-63.2193855478825,-18.6839430033669
-15.3606078702174,-63.1072015591312,-18.6774769249768
-15.3671674754551,-63.1310148950137,-18.6957857406143
-15.3597006200022,-63.1304097730629,-18.6827873888161
-15.3608761224002,-63.1268633589396,-18.696286486901
-15.3732429830798,-63.1796052426366,-18.6992939661186
-15.3763886596073,-63.1816810106736,-18.6990435929753
-15.3603403913141,-63.1576713713464,-18.6944594354
-15.3669516300249,-63.1754537065624,-18.6997947124053
-15.3518622454202,-63.1222048526369,-18.6769265523583
-15.3599164654324,-63.0859709615142,-18.6787784170252
-15.3486649354195,-63.1261600852664,-18.6901504641339
-15.359648986529,-63.1364407737295,-18.6957609274484
-15.36764303481,-63.1966843041793,-18.6984932203568
-15.3778840476612,-63.1917653956921,-18.718378714352
-15.3578337128191,-63.1127255895693,-18.6705897827798
-15.3757496615748,-63.2245510244137,-18.7231636187389
-15.3698814611222,-63.2219682861481,-18.7035533110529
-15.3840628222323,-63.2282937419817,-18.6959398625918
-15.34466364215,-63.1412615304944,-18.6827377624843
-15.3785754524463,-63.212995993309,-18.7170772223036
-15.374790004607,-63.1836586269884,-18.7056555488631
-15.3808655122317,-63.2322489746112,-18.7091637743674
-15.3782555667903,-63.1993651941673,-18.7112411990117
-15.3759569687469,-63.2705586337709,-18.7070615365572
-15.3574105602168,-63.1111567917607,-18.6907008367524
-15.3438681971392,-63.061961322187,-18.6741942594499
-15.3637535467449,-63.1092773271683,-18.6772265518334
-15.3679629204659,-63.2103151033211,-18.7043292436488
