9.73186608082603,-0.383552722886896,-0.322203503210745
9.73186608082603,-0.383552722886896,-0.322203503210745
9.83566665206604,0.00393272067123748,-0.655033116612592
11.7989699701567,-0.233160569809881,-1.08875075334575
8.88142504127834,1.64732246963002,0.931586390065978
9.82509592189511,-0.997663473527456,-0.557645378803801
8.80314381279421,-0.857658543012959,-0.21316514791211
10.5299256842612,0.780557566073346,-0.263964172283707
9.51570157474903,-0.0506568310526093,-0.264137313030618
9.86157884293069,0.247637669467193,-0.254105876506463
9.8662485826627,0.308424581004718,-0.231710636705717
9.7955601267933,0.143075015844194,-0.218513737927397
9.55202175033656,-0.0845864713662497,-0.223792296545888
9.9608514395746,0.307054160182426,-0.229777466942811
9.91722844174454,0.375148813023064,-0.251993128366416
9.81770985895646,0.19552835770608,-0.229294524480883
9.79592068189896,0.222653542277069,-0.204006065971708
9.78253386712839,0.170468752226372,-0.248546618034838
9.7752036304556,0.175557039327274,-0.239195690440429
9.81449336076694,0.161905829150218,-0.2910763547038
9.80717347670983,0.242962431153289,-0.177852279154322
9.77925154202007,0.243683990184708,-0.272521628792763
9.78912298596354,0.248090357455382,-0.28451911710813
9.79128365356376,0.293714925206298,-0.341333181198786
9.78195179449705,0.194738342337429,-0.299949797130483
9.78482829840361,0.170589888529988,-0.246091818263219
9.78493522390625,0.23352571553838,-0.228677392681633
9.79369677518963,0.207108730001574,-0.292848373440887
9.78814958919684,0.225134647896592,-0.259724461404469
9.78893456089829,0.23941091840181,-0.20223596444024
9.80821253292508,0.155109793846561,-0.399562625786569
9.77832827646681,0.187467640935787,-0.181589429923104
9.83351372621024,0.237192984244718,-0.268829109695537
9.78204381414561,0.220420849636098,-0.136665355961297
9.81682035903026,0.16374617418582,-0.604715905668612
9.80048469476727,0.243219583802877,-0.349284481073506
9.78003790289228,0.158487292654473,-0.248237093532404
9.77003705331793,-0.221022472307392,-0.278065086573829
9.79097653814786,0.371762817661067,-0.305080036517176
9.81701750622304,0.218292072997868,-0.198628194936404
9.76659350398123,0.120936482439044,-0.285980180967732
9.79530021984063,0.256679118944973,-0.250877601982152
9.79248618825345,0.235419758427336,-0.243058466092697
9.77683504273321,0.517878642962002,-0.179468898482447
9.76147413530679,-0.240086818549612,-0.393466585837497
9.81127214186878,0.163027715435482,-0.262223892847643
9.76549005614106,-0.0361630925423783,-0.143774184267373
9.7933297706016,-0.25027333323553,-0.117493720875582
9.75871081119096,-0.157090834875594,-0.352585917596017
9.79514865062291,0.207587575635241,-0.341084606005694
9.78791877466258,0.528600679857546,0.0858110909238219
9.7713543982865,-0.190368254076082,-0.469549439804026
9.75469443544591,-0.242242953646397,-0.325986229195562
9.79506405617737,-0.17738952540329,-0.151008637456935
9.77166656935155,-0.29521940066934,-0.278219133637521
9.79840454168409,-0.12772275931511,-0.166907102140785
9.7772778825903,-0.0717094240719061,0.161508661845616
9.79368802533808,-0.216678983351626,-0.35492381932924
9.65913162460348,-0.252706197465548,0.0946118280662169
9.77263905629669,-0.03472047663769,0.249570390599974
9.79836282071923,-0.18269532595259,-0.104945128680379
9.78857572990391,0.0683005846361203,0.0682701448273902
9.80141064175335,0.101044259536511,0.0458316257003588
9.82311858362719,0.131591780716041,-0.273106612147007
9.77301133012724,0.147511902045349,0.376800852653368
9.80501942139977,0.0750322215797503,0.232450145544173
9.79728913846408,-0.0129712507476716,-0.170371955462209
9.79715904126748,0.105201894596592,0.0311465932275002
9.82805113000053,0.136116244200095,-0.0415393525426388
9.78706003910361,-0.0396144894039123,0.00392601664633677
9.8086560242641,0.211642312579551,0.235662210577136
9.7822972254928,-0.0186697795020135,0.169668040307462
9.78631202153526,0.288143232336373,0.0592170459937866
9.7727416929399,0.0703466633588471,0.123380622136561
9.84036476492672,0.369936850509669,0.414900987129444
2.29935790555714,9.58403425184088,2.07209701113493
4.09930574620503,-0.33012589431345,3.85787300393686
6.8609105679072,-0.880279925673634,3.29752286968324
9.41665924357364,0.471787234177821,1.87019886820802
12.5577315403917,-0.223117550161272,0.289211245370573
13.0208975112411,0.340911775849008,-0.208192997743049
11.3226845979558,0.0734113372090673,0.530644596716185
12.5120441848463,0.165904088296257,1.46842419530618
11.4385430674354,1.27590330418576,2.1977313979288
8.06924585509193,2.45706042892175,3.18538118626072
8.28790754381996,1.91162304835171,4.15666036413031
6.73249157604772,2.74530620552922,4.92080693003541
5.24113652211939,2.41147193756491,5.6850720584433
4.64010434647461,2.73810918510147,6.34117750860202
6.00440102535968,2.50909524494984,5.60090683987764
3.71743100375678,1.41667818934793,7.22847071106538
3.449406675089,1.84294553254213,8.25736683628305
4.98688302055359,2.92757239643868,8.17837610974831
4.43092176287639,2.85366595140176,8.14534862559364
3.14624836437541,2.55938400836364,9.60737384510656
4.9153029562975,2.94526890523408,8.51899503660101
3.84253666125661,1.44156467721256,7.87920089785447
3.50733764478239,2.09808027647729,8.93603426016224
3.28486074732009,2.06328404732657,9.31863584672323
1.37483026755146,0.440772689882918,9.32911057785116
1.11672066043303,0.830916579301139,10.4099521510528
0.519889009098888,-0.223801684746859,10.7022746775278
-1.12444220118376,-2.23129860911142,11.1952341914511
0.790030895231277,-0.559944058792171,9.71173042338371
1.10255068894165,-0.214710669178668,9.58699655580835
-0.399945038899523,-0.906671926392698,11.1555100628039
-0.587855980129259,-0.680810415665812,11.1039627296587
0.572611107717425,-0.436655603044738,10.2151429638283
0.669086019961439,0.174044986095687,10.4375934226861
0.495519900403224,-0.204356328693239,10.4165235969159
0.778022030605554,-0.282479364281305,9.88893228836805
1.59693378150491,-0.355091838100752,10.0232910688913
-0.280515984788863,-1.3401801589505,17.5231354952054
-1.75087688348524,-1.69172974393378,10.7177850180982
3.019833505304,-1.64528555843817,6.97585897630434
0.468252402329766,-0.965652369994812,10.3616156806663
-0.00535392641317917,-1.25487484073872,10.4307840400353
1.04465740778462,-0.994484374591569,9.91562514622094
0.475355991980587,-0.965693529241121,10.5981884202886
0.290823563020027,-1.08578365328026,10.6342886539589
0.740671537952539,-1.12806925032136,10.06313077968
1.3402034371012,-0.626376393098816,10.1276218985326
1.47344325965696,-0.605675338366547,9.95354986117043
1.31630003411697,-0.62464762448239,10.0571281555929
1.31332422510507,-0.640837757477161,10.0720296148139
1.17965631947513,-0.668906270178738,9.94233341461549
1.24682899572977,-0.684880531328704,10.0647833577362
1.30122338695391,-0.641372581031859,10.001839830936
1.51607697448315,-0.500960648909778,9.9874492733116
1.44084272007583,-0.458735877308613,9.98467784507542
1.44700078230099,-0.571427627924047,9.97853157789749
1.45632125758333,-0.567163736602703,10.1426431466587
1.21998829450777,-0.452810291145679,10.2478755100889
1.40108198708651,-0.53013964873502,9.94501147455963
1.5427037555152,-0.480427026959242,9.89568908133524
1.41934709562781,-0.394067862170673,10.1704864204797
1.19513128878981,-0.46755774686813,10.1247809866499
1.22966688011788,-0.545081135675199,9.97339450508636
1.11203701225228,-0.513380646930932,10.1968701451777
1.23463017245935,-0.446751393570724,10.1563098617822
1.18994724571238,-0.446711313579016,9.98894937961715
1.31715943818009,-0.423550492872938,9.93772280367042
1.51800668314042,-0.281999134932675,10.0750082862391
1.41095963919495,-0.277504567839264,10.0944454154644
1.22582809885004,-0.452592017674723,10.1321835866809
1.23790880802773,-0.466477840042577,9.96155106383469
1.24793045507971,-0.439665466810166,10.0309109374002
1.18065238690189,-0.455970914969277,10.0590050823041
1.26334846263494,-0.338483990549399,10.1029727555554
1.38891275726839,-0.473237200120189,10.0540380973251
1.28283908702806,-0.31962841808454,10.0907341746932
1.11422981499141,-0.473423768595048,10.0582002164747
1.22285226677658,-0.342623645286045,10.1891386497484
1.27521546521605,-0.348112381199269,10.0986738568561
1.31591868153368,-0.351528759185811,10.0030886031131
1.36394482600577,-0.24853099839335,10.1722499048796
1.34444734800509,-0.274655752214733,10.1822938788752
1.20523853373201,-0.414945149546555,10.1209922083938
1.18345956488151,-0.441980735808164,10.048991339548
1.26298438545959,-0.360603145144471,10.0288401463579
1.17417429189699,-0.390600081145913,10.1389409333869
1.13802001512334,-0.407841561694604,10.0760089161521
1.39381477592944,-0.306784686693961,10.0250171099433
1.11211300125497,-0.422062173510833,10.1458812060507
0.989104434020167,-0.500264898772657,10.1964305664035
0.945255221017336,-0.419736219930408,10.1859000860725
1.19095294508823,-0.425452713083938,10.0414077307647
1.13373627949858,-0.39801623721949,10.1431797482916
1.03139539928343,-0.380533760991732,10.2467604467503
1.11604576760004,-0.450825768366308,10.0840965931075
1.16094300026305,-0.443765801577663,10.0099938364651
1.14688103898233,-0.389949380077879,10.1021873687682
1.170749407139,-0.443352114326581,10.0777288205714
1.07109857119383,-0.420654515113504,10.2511706780474
1.10423421626048,-0.497844953749359,9.98876912823322
1.18656501617924,-0.425192140921228,10.1088634216079
1.16629488452147,-0.351581834499328,10.0990120740764
1.12650414929218,-0.375304320313052,10.2340304671188
1.05334345407698,-0.470069828132896,10.0375815091607
1.11004751737092,-0.381246261120073,10.1494405094717
1.18868044074491,-0.37708076796999,10.0543863937358
1.17194017698066,-0.35198412258881,10.1473879532728
1.15320907528741,-0.347597134128214,10.1420566311146
1.0784807370385,-0.424931006409524,10.0825684496375
1.19475484744697,-0.351371221444807,10.0971624097081
1.31985784657554,-0.254251565448333,10.2197906870071
1.31221349647058,-0.308513652983953,10.0620376771064
0.997108404970801,-0.385722924005139,10.1256031199933
1.27803285140267,-0.388282972870754,9.99137078674493
1.21183314006551,-0.356739900309015,10.0783646740446
1.08859071419909,-0.318947334391961,10.0964789556668
1.07726739482234,-0.323832547296302,10.1567126765469
1.04168970318168,-0.34592726196458,10.1518388736837
1.08832826555984,-0.3809022310193,10.1634710749438
0.739025299707332,-0.494959812802531,10.092355476494
0.786708141420144,-0.640620092951148,10.2689696534336
0.767566162875971,-0.560363066201168,10.0659378485367
1.93382344466135,-0.901055863726668,9.81480344034182
1.36592997848839,-1.35629753754191,8.86897254379011
-0.20954414943921,1.53858904312669,10.1209421574183
3.77397076114421,0.845615279009388,11.070617591352
4.11625377446989,1.45155098725993,10.5140499572106
2.05470744377442,3.75842062616004,10.6521051006576
4.03361397963237,3.31866752993898,10.8930543526088
1.7078516298349,0.294128714228456,8.75150928697201
1.62646035150621,5.02934870865114,10.7549901209214
1.39658484601197,4.16491881527283,9.60865361376483
1.28527164768931,3.13102023500034,9.58195576679642
1.21344520852811,5.29428677063349,9.46254524676929
-0.61409591150399,2.66083755932625,8.59546834702873
0.220864140282912,3.99459714150318,11.0305383552916
0.599099524055014,2.82889171572314,10.5785024525197
0.527720064539177,3.72623002662131,11.1267530252207
3.21693131243862,3.63630915301365,11.3183374095594
0.599805647148911,1.5551107289586,9.97258042677989
0.220289314682534,2.26444168050943,11.1041444297264
1.45077934987687,3.47535063316258,10.728132631332
-1.14831569063793,0.995019595621306,8.01714691014007
-0.188580627840008,2.34803951609382,10.2442431730098
1.08598947031276,1.53147687016324,9.37987681020124
1.0589117971771,2.07054717689341,9.27872406430381
0.0854348163292439,-0.436732828547924,9.01842949903586
-0.550399027586178,-1.04467297239456,11.154228469175
4.03657491683465,1.27112709638622,10.0329475045042
1.81433949284903,-4.41241848916836,11.0492383553885
2.78622246414272,0.380200798079859,11.6510735519991
0.291785124377155,-0.917689628111681,9.86931331533572
0.406752309114443,0.703265319533291,6.4984966764636
2.33402218222338,-0.589259650931491,10.1487973164052
1.80822218353503,0.408981735995695,9.86225446083088
1.23795533287329,0.687514072537947,8.53006854575997
2.02606631983686,0.981866899528234,10.3657094689887
1.83773107869601,1.02523849832282,10.8986392036568
0.249871598112807,0.246693013973555,7.63088976578913
0.0703102894450571,-0.887896676205964,7.55759678520656
1.39382332454738,-1.15196892532226,9.90079500349066
1.48335127779603,-2.27841607000313,12.5371027404666
1.13402126787511,-4.05708610429035,12.6220769650604
0.707999563983977,-0.728162898818691,10.7332304512237
1.28160634695609,-1.220702958538,12.0405403085783
0.651737527634289,-1.16958558094818,10.9624769621307
0.881426301947531,1.09726839460875,9.34779853210177
1.11468636206363,-1.04847347291591,10.4035669905361
0.0694496664351743,-0.219549541314075,9.54476679440528
0.710668970579639,-4.28291758111965,11.5106140552167
0.752170262927683,-1.09847758583916,13.7922679379001
1.18376424784894,3.72457564579855,8.58745068144551
0.911631304154838,3.4012746753034,8.95117629173473
0.366598211680616,-4.22720429259206,13.7674412172575
-1.80900183276746,0.826984286357205,6.31536749144875
0.569778066722185,-5.3987049500132,5.97311545531132
-1.69878970174821,-0.529026789407455,5.66102649336258
-1.01391408326881,-6.27676089132742,9.79166748837963
-1.97366746747406,1.00890940991581,12.1015500800539
-1.32733543441859,-0.302493640398903,12.3685353381593
0.363352541718056,-6.10829442906506,10.4872589476388
-0.680349549265955,-4.81143242927209,7.68200256814133
-0.438334654198727,-0.519932940861117,13.3530315363964
-0.884417722679437,-1.66204607012597,6.93446494562365
-0.640479168161621,-2.34040265562966,9.54353036120312
-1.5749704749639,6.52893893519087,9.48795208468866
-3.10003828675401,9.94479468191588,13.0992452611175
-3.25168775115856,12.2903310132029,15.7013588477532
-4.30418269668898,17.0714507673878,18.1375991197876
-6.48862600745479,16.7785441906383,13.6949773061221
-9.10538672583139,15.6213188355078,12.4083600586811
-11.6717744964567,12.675092329971,9.95084732521395
-15.418078655066,11.1614428385261,9.43158404403481
-16.396614861739,7.44082592857006,8.46211192370185
-17.2370867448337,0.997989136163279,5.77007130513181
-17.435901761429,-1.2182987002177,6.84585263868507
-16.7609802538343,-3.79333978466028,7.71102932187687
-14.3097000486059,-7.76866052638927,5.86001418635152
-11.6703854347955,-10.3075503407542,6.89849672673781
-10.3272160974957,-11.6256721849451,7.84065768919554
-7.92320508729801,-9.77235054284889,9.58705864614385
-6.40333261369017,-10.596307350819,8.11744621119407
-5.86832027484396,-9.77561688897555,9.64996723989374
-3.76006990490554,-11.4809227598647,7.60336379977624
-3.59924497978408,-11.1960353145478,9.35919169663206
-2.93427304901734,-12.0084960944244,11.1435477089453
-2.90014114599211,-11.9949391028829,11.1148730944368
-1.7373290456592,-15.0533324601373,12.2817508597184
-2.47681775990816,-13.0893169979023,12.7339754828451
-2.63271623645702,-11.4613023607877,12.2405212961548
-3.18898626585359,-12.1271049812446,10.9948464518645
-4.25167563501477,-10.8772161329282,11.5681828506603
-5.34961667450462,-9.9926060564827,11.6958015297484
-6.82974235242203,-8.49512010415843,10.7238076101173
-7.65202763050297,-8.10788409261838,10.0178196131118
-9.23374320081697,-6.85880688785239,9.98248861885566
-10.2849555894136,-5.4014522355728,7.48107304393995
-10.9919277254441,-2.69299448530575,8.04430471792725
-11.5906949372564,-1.42464206222604,8.54433911462949
-12.1936741134568,-0.653411003549717,6.73109676098573
-12.4101434469403,1.32083533968539,7.18864975482721
-12.6099668751031,1.42923722308332,7.49503211034102
-12.5812399042606,2.33976785560819,7.62993126154208
-13.7879028101905,7.86259048536312,9.37738714841503
-12.7856888020877,3.88799487092693,9.04381043090643
-10.9649154940938,9.65547003907045,9.2087697964249
-9.95333449712708,12.0309275884585,9.5751080155762
-7.22897182843424,10.2105670655113,7.07141959489179
-3.89828720617539,13.6724245045619,10.2597505436588
-2.87873893596027,15.1986471953686,11.6553439718854
-1.59359245432594,18.2767132274073,11.0265818807499
-0.578744315939498,18.3811253062033,10.2114183750017
-1.10083716879853,18.8703148437968,10.1838882865815
-2.14394158065723,18.048486247835,8.15149287769487
-5.08659815543634,15.6951969135166,7.62524083877407
-6.82334664386118,15.3572938340316,7.81053439685454
-10.1353999526988,12.2364824915536,8.29630126564453
-12.9005563847339,11.7773890594694,8.40193619931497
-14.5251777704891,10.6521540378957,9.16315257134237
-17.0896175310748,7.78923696230512,9.74539905679403
-18.3738511703332,4.68689412170626,9.46779070058992
-19.0792640812455,3.54951566539534,10.3539075355061
-18.8648823795876,0.54585810645627,8.51826870812891
-17.8185021684227,-3.26641565175489,8.58118816804185
-16.9034880528138,-3.92213575086899,9.97259793028765
-15.0956397921221,-5.50876438774106,10.0105153951384
-12.0556449682394,-8.46754817885882,9.30845033731581
-11.8800401263686,-7.12991855706257,10.4491556202882
-9.92617965134185,-11.3949352985416,11.3544221740114
-5.09642607345243,-16.9596638639592,8.19214486851486
-3.44769570583764,-19.0255610832325,9.03498541536454
-3.27019156740089,-16.2649914289896,16.4249584567569
-1.19450894522846,-17.3237465016845,11.3402130484741
-1.61644056193023,-16.6370526862286,10.9589419973338
-3.13943617544311,-13.5257143154881,11.0860466384045
-4.03157483723742,-11.1752555915348,10.2859892590592
-4.72314867491567,-10.1468103488535,9.53925376157525
-6.23845664094175,-7.26897761692835,11.0679684707192
-7.606532443915,-5.53345990830717,11.4107368395651
-8.83075796772626,-3.5196370126159,11.0749329377549
-9.33516670134421,-2.21659861443309,11.2814834060708
-10.0976122553206,0.384620343410988,11.2123233786081
-9.49728503323165,0.593557426983641,10.6004502303256
-9.90951731763126,0.583520257969224,10.4525790760651
-10.2791030310775,1.80720126270782,8.82102216687719
-10.6773884472533,2.28122023374927,8.92187569641881
-10.8674320423335,2.50189138064967,8.86079124017051
-9.6316784022038,3.97757574980728,8.16089802556544
-9.13558968353821,7.40208233552955,9.80752971696299
-8.36411338833494,8.88702101543865,9.75428563011755
-6.17612451922699,10.1723926683685,8.96575687552339
-4.74415584100528,16.2658707966387,11.1541733286414
-2.86209015376174,16.1628601962365,9.84387962867337
-1.00301138233273,16.6191301342283,8.69728866687897
-0.275851244566459,19.3189962522225,9.10610729743343
-0.292910751259161,19.1859415342778,9.31482409383188
-1.48732325586624,15.6023084293919,7.93402987910586
-3.4278557021571,13.8523136650971,9.3132196762452
-4.20904328970482,12.8318772942289,9.37163482985431
-5.90570010489057,10.043863447719,9.45511774223901
-7.31520815897171,9.4455454337935,9.69095673556792
-8.09485843462686,9.33449767033231,9.92236223171619
-9.86873212243217,6.60195365720756,9.91578508317892
-10.3733997856242,4.37301976853635,10.4526562483846
-10.7375399311626,4.36311317415152,10.5952484478892
-11.5809718128183,3.78267383194463,9.64042507737395
-11.600072443764,2.1408811340211,9.41426668887731
-11.8861768151697,1.99710632291548,10.6191304633939
-13.1306345303339,2.43407796346939,12.8778752238065
-15.2452110858944,-1.81709010576352,12.9920692775949
-15.2081429413342,-5.98393979363311,10.3675145629678
-12.2826085352557,-13.4705452933062,7.86895875986729
-8.00388867544244,-18.5641688787905,6.26898239538804
-5.74769280993749,-19.243119345468,5.78682705830281
-2.40137687683907,-19.2502034430886,4.77314563451342
-1.27637250807822,-18.7943818205587,7.03046323244072
-0.749757937946032,-16.4259362078141,5.96632333760819
-1.05688257886629,-15.0811176690779,5.13334654194495
-1.76503552388824,-13.5348436225959,5.42743941122786
-1.92555284216593,-11.9855484778593,5.06170678470597
-3.2745038607396,-8.63936505617586,6.40840740040534
-4.07877726232825,-8.74539311278543,8.5667934857727
-4.91726541534097,-7.20408863347425,8.47000895503999
-5.49883336221397,-5.3516097798565,8.90702518465564
-6.90821702979628,-3.51701905220762,10.6597467134793
-7.23914511079306,-3.88841107271848,9.41698402586437
-8.44446736003313,-2.18147248879628,10.3211627888625
-9.65244986955905,-0.783163642034679,11.2900357791799
-9.61625127797151,0.099372512148169,11.5610267303186
-11.1648896848211,0.00611809018935949,11.7113799422469
-10.9909067182788,0.548382657055725,11.2209077079975
-11.3130519651261,0.82302662375147,10.9263702367738
-12.0011107383487,3.29715205935591,13.2268050811122
-11.2716080320915,4.5199927272716,10.4616459827511
-10.2748863352789,3.6607380892837,11.112906909868
-9.76529022266434,6.19714018845227,11.6187799898931
-8.17384546881845,9.76939874676909,13.094707714469
-7.95642454443413,11.3173812412614,13.8584067666865
-5.24238110454567,8.97413338632058,10.972128617574
-4.09790504889169,10.833581715571,9.65576062367083
-2.90651697975029,10.4125412137316,9.72358268816675
-1.94828761892763,13.6113089019859,9.38140426886103
-0.97375785130673,12.6276375089821,8.36406001203492
-1.28055702877379,12.8615177422721,7.46550352015998
-2.33998361784491,12.1398885492142,8.06186253727041
-4.35483679283051,12.5808846644938,10.913040053521
-5.46647009522047,12.2609831697638,11.33225002942
-7.41532687361103,10.5833431530485,10.0939036625081
-9.47886704787669,8.51307760611198,10.2594935395443
-10.4717888923081,7.89160660005122,10.1714276043694
-12.0915736374497,6.03381013314606,10.2116536201203
-13.7312633828434,4.16432899851977,9.96473919290623
-14.4512539673287,3.50911118187506,9.68290303272432
-16.1020099007343,2.48608738542914,11.2704459379616
-16.2922726001358,-1.83168103807735,8.5204198162928
-16.3326605658697,-3.38912195368252,9.03195651484435
-14.7716761215412,-5.58977619738689,9.5200281591482
-14.0767291220997,-8.08470811020079,9.2710187235902
-12.7059929347397,-8.48930777242858,10.7822240306904
-10.6597334818573,-10.6137872972311,10.8989463316682
-7.18636982447359,-11.4024091910638,10.1235559769505
-6.29749493826597,-10.7970138377943,9.17745388186911
-3.86558855071356,-14.1651970976159,5.33437514312048
-2.31462304565706,-16.5961344935306,4.9751138899362
-1.83034571661899,-17.3932352493435,5.21377880418532
-1.4270426863144,-18.2267625274604,5.22031268554746
-2.25353849593012,-17.781595581796,7.04084995640138
-2.78536430230967,-16.4899801397262,7.44743602646887
-3.92419637262928,-14.8530370870294,4.84961623220293
-5.75825298904322,-13.7277400721553,3.63804229316787
-7.98090326413685,-12.4551480034894,5.48786025901977
-9.25325868478104,-12.184898505074,5.85961326517192
-11.9807296624678,-11.8399863199998,5.52933650419141
-15.6992970683113,-8.35319453916171,8.82925163184119
-17.030900695162,-5.95020671120375,11.9657530848997
-17.7389629188368,-5.16641156997862,11.4503940296153
-19.573378404952,-2.68982740101058,11.8846434179844
-19.426609755133,-1.86756865631838,12.2368555400996
-19.3602512951043,-0.196412061193265,11.4498091694681
-18.6078109591974,-1.50113653160004,9.52330007218022
-19.2601114222618,4.89891211999836,12.1771187071104
-16.6170538819069,4.42876732730302,9.7567500641833
-15.0854011193562,7.97190932684936,8.24562444449015
-13.5602231117301,10.6516742492891,10.7650957324821
-9.55886118081519,12.9281477736241,9.58503141917015
-5.80459961239758,19.9559384565278,7.02226242341689
-3.6256443153016,20.0108139189748,7.07143290119107
-3.56221480803499,20.0600767541931,8.28714640483232
-4.64771943599906,19.3976764814129,8.03681616122846
-5.8795478991714,18.3696319307093,6.94048775598914
-8.78185817864663,15.1240163932955,7.37546743509865
-12.1328068910235,13.0079490711916,7.91475315843944
-14.0198064276042,11.8141940365759,8.40498504673182
-17.7282911441457,9.55530287716586,9.53247834773818
-19.7467116888789,6.00678399429192,7.85912038873383
-19.7667346280562,4.201915080937,7.92492872352705
-19.8377869430959,1.62362238946969,9.43390832769283
-19.8699620609785,-1.5623955417601,9.44440628003926
-19.9126765579863,-1.46628817356638,10.9002586363633
-19.9469383429568,-4.51849670958988,11.0249152900377
-19.9463381419209,-6.21439040031218,10.5185061554436
-19.4423304626729,-7.75542343995211,10.167097155465
-17.551296746432,-9.41147897114019,10.7226332713588
-13.5887352088195,-12.8729075634185,9.79113146120626
-11.6870502690435,-13.9884471295279,8.35720312020581
-7.38682600476603,-19.2518720405323,1.25008502109652
-4.02890616454522,-19.4725802522189,-0.379392271816015
-3.70430727236935,-19.4185724454212,0.88965317508051
-2.61934547185926,-19.3520439316918,2.22178116364023
-4.25760402289379,-17.824662378347,3.53282060150773
-4.77936353850628,-16.5200788467434,4.08155912358272
-6.75418095660543,-14.4518195916843,3.3792912339984
-8.80361536075393,-12.5521194089933,5.42365170931286
-9.8768634261966,-11.9459938366183,5.34540225706919
-12.4118774634139,-10.1206242288576,8.16635825841771
-15.6461691734613,-8.22703577709064,10.4139841916529
-16.919001308577,-9.16523835088522,10.5566012498074
-19.391477066445,-5.73330006099113,9.54050239174329
-19.9644635369618,-5.26407310445898,11.3605629585827
-19.932145305952,-4.97989203129294,10.3780156159778
-19.8515275159083,-2.93119323037207,8.37365554816115
-19.8654100894159,-3.16974289558417,8.75689144334217
-19.8891355679259,-0.195032870004009,10.5393107355377
-19.8718329519973,3.16620427057965,11.0829692514434
-19.577618104471,11.8371874583211,13.0024273096977
-18.1775282090825,10.7679240131167,10.157802547753
-11.9486051804902,12.7348878436974,5.47065798001775
-7.71502931315648,16.4860280053416,6.50914028648374
-6.58666500749376,19.0114528598521,8.08200031550209
-5.72906679914036,20.0556908722011,8.71921235280894
-5.29893048486873,19.9745471065401,6.58308413271559
-6.14312389939924,19.9681395573856,6.63394375748586
-7.8488377561825,17.508878103594,6.26106208874078
-11.0945891304898,13.8239656660422,7.11007199771051
-12.8024569335958,12.9703799761923,7.50200472139093
-16.6863994238662,10.0964288407568,8.19811979768718
-19.7920038572394,7.28059283931959,9.79346228242833
-19.7972216489217,6.26376648346114,9.62844655321737
-19.8021925723622,4.75167962413686,9.2901150481278
-19.8026689469497,0.763769853139637,7.97669094404341
-19.8297935380732,-1.38093613871737,8.16594198420826
-19.911068115888,-2.96536426406549,10.3469518695849
-19.8670633133176,-4.1913501075537,8.47146316940899
-19.912082219192,-5.30278815866549,9.6016140148514
-19.9403182230995,-5.35181302590109,11.3154271577988
-18.4925714220159,-10.6124784846383,8.64092340860788
-17.3713776230758,-11.5223982883972,14.2780996434763
-11.8340902112271,-17.8213721219985,9.21955163929066
-6.10945911003706,-19.2184914394113,6.49296628474517
-3.29032400706139,-19.2445635540752,5.13637964240383
-3.02673967622069,-19.2974314476682,3.74878621986944
-3.23418030115156,-19.0965518442546,3.07757362481727
-3.50770890528251,-16.9361732772133,2.81670062214078
-5.65905634322692,-14.6371182245262,5.23546197355038
-7.81397760259108,-13.1519821291924,6.39750789734868
-8.92262881395702,-13.0818605344747,6.45284521804219
-13.2319431131939,-10.9311095153146,9.35400612403995
-15.850222332003,-9.20482604346179,10.7359799004056
-17.115634451056,-8.90849630743995,9.54376005303682
-19.4678828438181,-5.1525581671376,9.83518289995924
-19.9222797536321,-4.58553495258309,10.1806162315507
-19.8805633586644,-4.55414517568225,8.80053299159537
-19.9239447827467,-1.02660325876555,11.4224277666436
-19.8786490003513,0.428973121303171,10.3977604801536
-19.8288756850754,2.49477978687612,9.42725219281284
-19.8187763897128,6.69541271979232,10.4908199916976
-19.7897994049601,7.80167908605598,9.89367595536254
-18.7287891285031,13.2439585728564,9.24016818642036
-15.9571931874612,12.8825449646708,8.48858967874611
-9.90705951617747,18.6553366295928,3.06125781814693
-6.00942639183709,19.7952192216494,2.27751098719049
-5.42070480564427,19.8052324676427,2.38066174047303
-6.40982685480056,19.8556715697545,3.88891980555804
-9.69226473473996,16.2672687896626,5.12513302279747
-11.3678706832635,14.0968153274928,5.501728476329
-15.05188625764,10.1050643270727,7.28724580944998
-17.9652357175758,7.33951649059855,7.69795249298119
-19.1314643739322,6.21468258814974,7.69631021075141
-19.7608504627769,4.81511101727522,7.93318852632994
-19.7829477740592,3.38422133525855,8.19280234173488
-19.8036548693148,1.76222936128338,8.3423748589284
-19.8451404203662,-1.10318345339439,8.77008895574939
-19.8586153683931,-3.7611259676949,8.33327305188011
-19.8581609723378,-7.03942962231978,7.22535863182838
-19.9571089527366,-8.59287552000041,10.0058093458939
-19.2664353467551,-9.74661637017635,7.97944614122688
-17.7944358752703,-11.0882990885385,8.95866616588658
-13.6324804421315,-12.5344677018483,9.705314458401
-9.35718328176406,-14.3575093167728,6.62717630626838
-8.18718533916463,-16.3205541390388,7.28847846624191
-4.745295239946,-18.6020195369681,10.851574464181
-2.79686094733093,-19.1139572973599,8.2183258908065
-2.69853993858337,-19.1642116259832,6.81769861394028
-3.35805847048654,-17.285609735086,6.3114794989999
-5.31864946569369,-14.7086270844503,7.67143588353326
-6.14676268964578,-14.5929061673744,7.77926688900877
-8.78993921633423,-12.9198153914587,6.58091509840622
-11.6155502366696,-13.421676216598,7.18843337102872
-13.6537973915249,-12.4046516841397,8.40786939280226
-17.3798950375533,-10.0429768989415,9.37468054976362
-19.83157474655,-7.28823330438927,10.7532579649968
-19.938934193553,-6.3003028959254,10.1641749144663
-19.905478494303,-3.54785266374193,9.96646835019507
-19.8116323016122,-0.112169920422994,7.98348950827526
-19.8105406122997,-2.20980568735737,7.24788794221067
-19.8536777158662,-0.240163391670074,9.34233882632301
-19.9023271548093,-0.483031787855887,10.8830306590316
-19.8616220562654,4.35586700796202,11.139160306175
-19.684355075393,5.73194009912408,8.2136068064955
-17.7855393035623,8.19844643300493,7.0436916713608
-16.5113553099921,10.4822250321644,8.88244727673148
-12.7927515559364,13.021986883974,7.35348536236205
-9.17822345609506,17.0066749400597,4.33156700764615
-7.13244050274429,19.7464331904311,4.27098955732024
-4.55222150276436,19.7566727714944,0.949548511045961
-6.31245436679043,19.7570586571913,1.39925386947439
-8.73895337381551,19.2339823197661,3.29162727716472
-13.6893681917855,13.7466689063197,7.5019910973221
-18.2071383193294,10.8291281553305,8.40386638050959
-19.6913873476221,9.0182851542536,7.72886857176132
-19.7348512294032,5.74098572931433,7.37517231788715
-19.7726530383118,3.42621473243272,7.86364228254426
-19.8127924347542,1.40814001141235,8.52893059028703
-19.8684195380452,-2.44999984421121,9.09712074811187
-19.9099229177009,-5.28384912826257,9.5359503086181
-19.885473919623,-6.27981195091272,8.38899609847026
-19.8564606780611,-8.51679378587154,6.67622743475557
-19.8514414103827,-8.97235874318676,6.3570635263678
-19.5944056609377,-9.82190829665044,6.65789579430561
-16.725681205633,-9.58849109967063,7.04843664566877
-14.2297913073804,-13.7279578254989,5.39141661187429
-11.9291207896748,-15.1779498036311,6.08889118084861
-7.68933269400304,-17.8380287002497,2.02188496707918
-4.1053921525044,-19.0575800758112,1.75620580771641
-3.46579399397801,-19.3490299645058,2.50874247382039
-2.1668973394064,-19.3727833168486,1.65002890615521
-3.56724232826089,-19.3742155231121,1.30602154675179
-4.88271595261482,-18.2865400117928,2.91415056646433
-6.75458850658094,-14.8153007591787,3.50840223454965
-9.19069345686482,-14.4681986675661,4.11754210295241
-10.8510984395342,-13.4275425564044,7.03019514022955
-14.1790959303845,-11.4878082084582,7.76189671847838
-17.8658658391151,-9.28816512898693,7.60045912080262
-19.631749500121,-8.2547219757902,8.50398133754632
-19.8838400288042,-4.49637571336407,8.92901181702508
-19.9175542400778,-3.05613607397877,10.5328987392755
-19.8897411869944,-2.14967695790857,9.90795000851968
-19.8165786350872,-1.14391710748338,7.80445156175315
-19.7883484344048,5.2523022866727,8.99551800372499
-19.812933069059,2.45961288492203,8.96300482179371
-19.082365707137,4.60284382888097,6.7058403504842
-16.6503455143762,9.55558670434231,10.2874424970261
-15.1722288327383,7.92017190580572,7.57233989222655
-12.9607985826062,10.9275197683087,4.52514178873649
-9.97639895342136,18.3915864006432,5.52134204049249
-7.71129442762485,19.2710274474779,0.370176460520151
-4.50541090206019,19.6523095931591,-1.67123359751269
-4.78998019413472,19.6104633377038,-1.50920397446013
-7.67534217549072,14.7176208219757,0.888679851493159
-9.25227273647134,13.8551851747569,1.80460658954536
-12.1305419834841,12.1659000622943,4.87612747812373
-14.9762175901145,9.92980199999045,5.1010134337951
-16.4669579629627,8.81702058090201,5.90072199653443
-19.5197701819392,5.63936158166458,7.11473014215615
-19.838943093218,3.85478146026626,10.216166355365
-19.8518109176979,2.42121753891762,10.1672391975774
-19.9107616461958,0.489025994216288,11.4881996326054
-19.8952126313413,-3.05698750780806,9.78789463678112
-19.8784314716037,-4.56428287070543,8.72609085789536
-19.8800038183238,-5.52534544374467,8.45814822421969
-19.8726152889226,-7.0515828771352,7.70311809971534
-19.7961795403192,-8.17900671011703,8.88201597117264
-16.9971436249589,-12.8920813888415,6.63306806132529
-11.7931272054865,-18.7185221124768,4.79372689489787
-8.61910560517681,-19.3260455674616,4.43152470727254
-4.50271692456086,-19.4480043422211,0.353458168132472
-1.85022556028573,-19.4680667743199,-0.811225475406757
-1.24054110726123,-19.4158030410473,0.342946743151334
-1.85041045502006,-17.2362034308676,4.35703808682924
-3.04260587166626,-15.872080555679,4.94607025098614
-3.99191252178049,-15.1919750526617,5.96820085639153
-6.06688592243975,-12.2001307775429,7.25552265843599
-7.58933971357094,-11.1633014301338,7.225331790249
-8.79865792076519,-9.26683614759029,8.7992574989919
-10.4604701055201,-8.12450287130259,9.34695029199007
-12.8268091475749,-8.16662321227632,8.52646010087155
-13.0292980959412,-7.08354186352857,7.82646794175543
-14.8221289213447,-4.7296554273009,9.91058580574316
-16.7511982806873,-5.01553374814172,10.6067568839837
-16.8397145940597,-3.74409500705727,9.79965401068275
-17.6665530574558,-1.02090893440732,8.36728414415693
-18.0264583109833,-1.61037867803515,9.28006204936867
-17.6854216354255,-0.791371217629496,8.12600375327755
-17.5354376259455,1.3017173647895,7.4534242862479
-17.2918769705637,-5.36546144804105,8.15770772743164
-17.805515647021,-1.67742026207281,6.23220988237653
-17.1854874444416,5.69458191034998,7.19353482033867
-13.6066537762443,15.4975848773172,10.1411058437768
-10.3849398112904,18.7171543326963,8.67590116969197
-4.06412238286645,19.946421007315,5.57122962658643
-3.20353516482741,19.860474697146,3.2074250678518
-4.43802773787961,19.8433990975096,3.08915822020614
-6.71711890858892,18.327209906075,5.96964108339145
-8.91811455164107,13.7712125901141,4.05023836383312
-10.5793677368919,12.1613527266771,4.13527290785268
-13.4142761533126,9.3321957591233,6.40711651730842
-15.3848681589629,5.82982094554533,5.99509196502857
-16.7378947459444,5.27474689024079,5.86164384795169
-19.077357254933,3.56492300500095,8.16530492349679
-19.680057838168,0.672122807934359,7.33050536406495
-19.4025172698755,-2.00026027752353,6.34023249308501
-19.6249704720802,-2.06849128422,8.99886775369296
-18.7593688119281,-3.19986303320653,8.56519934708574
-18.2220251546684,-5.21194150426799,7.26115779028557
-16.1145837264566,-6.6198220674813,9.83770226373174
-14.264324339185,-7.52215646438935,7.82216349062204
-12.6634684378373,-7.86835392763011,8.94056170745575
-10.846060868314,-11.6341232566124,5.72438233557938
-7.49409540768701,-15.3480617219108,5.57473364676052
-6.06611694705861,-17.438174406222,5.08939828528409
-3.76152468741332,-18.7468596563807,7.0444732452797
-3.15420173872178,-18.7412775981846,7.63063800849076
-3.38931824958474,-19.04010678713,9.13550369025067
-4.70305245282727,-16.8936663612536,10.8807827174144
-6.65491069844335,-14.5346254126817,10.1413000176516
-7.40841937764631,-14.3587233859681,9.2813870414085
-9.72024713004549,-13.5910554256129,9.12285627384661
-13.1825649095977,-12.5329640728946,6.9374280944412
-14.3730141816651,-12.0121755290607,5.29365287126144
-16.8653373405313,-9.35787355100555,5.54777204114294
-19.8812544603154,-7.16538201459322,8.03205289716635
-19.8419471979144,-5.44945678549098,7.2937858935027
-19.7481782280055,-3.77580920327628,4.64714062709909
-19.6942586413026,0.279483102209697,4.28048063567581
-19.0387316752954,2.08135975269974,3.62192329526412
-19.0685057614216,-1.66001848098768,8.17989002906851
-19.2388420750379,-1.11564479008182,7.6486925022017
-19.7840640302759,4.87535892454557,8.7270567453855
-17.6910184258129,5.46670485342574,8.50509766561559
-15.6569857361339,9.60356042402691,7.40840365349741
-14.3756719980772,9.60581568895094,7.14445684208404
-11.8364644381625,15.3701274398037,5.13570126681224
-8.84714849557959,17.960903572237,4.1069078481324
-7.90220052822232,18.6092091739337,2.96281119793286
-6.59273103364241,19.7552241173707,2.14159239525115
-8.1230342559752,17.4969909128082,2.14254514841302
-9.02157578311488,15.3208554435058,3.43955681379489
-11.122918786756,12.308234400056,4.47222704099661
-13.5725935892905,9.16305215073966,5.86861434415038
-14.9300518871064,8.89877770672692,7.32104600500057
-17.4196199769645,7.14156995144181,8.53748112917922
-19.2537119403357,5.43453603432324,8.74983901671365
-19.764011526466,2.44660091763735,7.24905394942045
-19.7596501820522,1.1670360447124,6.67715417798501
-19.7387666566328,-2.37400156684362,4.80069079348664
-19.7686300277485,-6.9945335104638,4.25595918280478
-19.8087791253248,-8.44245596061943,5.11162161862813
-18.827805150205,-9.12729862609977,7.13489856144837
-17.2040689867502,-8.82221565985442,8.9700422673827
-15.3782934775244,-9.9055295372705,10.156065637798
-11.6995380779787,-9.02285792212684,7.90400498816696
-10.1539745573845,-11.0137179919141,5.74132481097403
-8.63758390914121,-11.8548314263617,6.117754543257
-6.46471090599618,-15.9091584050244,3.73760658951935
-3.54072679313236,-19.2285657505038,5.59892542820856
-3.37415158913059,-18.9242668875768,6.22280227279403
-3.38185021161413,-18.6519285367785,4.83450227527276
-4.41721460150941,-17.5419034824755,5.5549212563524
-5.40852811943136,-15.7401794336502,6.14208065898035
-7.39071714511415,-14.4651809617075,7.39349934891637
-9.22650358611171,-12.9468487283243,6.13391157830602
-10.5130643867223,-12.2594441168639,6.64485617328655
-13.143929774048,-10.7804087451337,5.91819349799488
-16.3264782466804,-9.22937207061538,7.66808380466374
-18.7512503900471,-9.19919060654751,7.95161416033517
-19.8746616700583,-9.80248955495706,6.85436191163114
-19.8732575392623,-11.1144800326535,6.37022739253453
-19.8838755476434,-5.19019968441192,8.69892112131652
-19.7516245032402,-5.89161982365837,4.05674626146039
-19.7124898494142,2.58129366762042,5.57656229768757
-19.7621811981381,2.11661924292713,7.07804911358658
-19.6830514607011,5.87421446002579,8.05978684337845
-18.53142347388,9.96429070918849,12.2978734485712
-16.2725036568231,8.67911789884512,9.94493634164728
-13.4736808353148,12.0768546442075,8.67099517098798
-11.7751540839592,14.3006078811426,9.44163067223636
-10.8870198499767,16.2611013965192,8.26185720042938
-8.29525790358008,19.9344182784496,6.328945285131
-8.13471325379346,19.9269933986293,6.10318712717514
-9.0912668490988,19.7049231182522,6.3560981395549
-12.1448926465254,14.0567976656542,7.0893186031071
-15.6543524095522,10.4041840412561,8.69203712900312
-17.4386454321014,9.1195632973236,9.27872583779411
-19.7287971638912,6.38362141938982,7.93985027541913
-19.7132728496476,3.49214053099699,5.90627792659463
-19.7011186591094,1.36753693548331,4.7929370434819
-19.6946801411875,-0.611111610234242,3.9187702641805
-19.8161013841604,-1.95003054105718,7.51983871967034
-19.8232536282702,-3.02491549066816,7.39995187345741
-19.8455607844764,-3.99698619312384,7.81950017951311
-19.8722134046175,-8.06381581101422,7.35231097825255
-19.9057092745117,-8.56234249708677,8.30266441270343
-19.808211368553,-9.50078090989822,6.00224882598137
-17.2449587648395,-13.6123614972166,5.26491919676084
-14.453981559234,-15.4493660454902,5.97898518612695
-9.34668503032369,-18.5703298223709,4.71517016270156
-6.12771036176022,-19.3507373367434,3.19138166437494
-4.36048198472493,-19.3061318174012,3.86471255366952
-4.0741828666899,-19.2743204213978,4.58842267424662
-4.51822835132403,-19.193712239314,6.71463859749914
-5.33628199233105,-18.5591629692689,8.00131583547994
-7.18292901449039,-16.3592983160669,7.80429769126699
-9.10775629111455,-14.8248931029537,5.65221772275486
-10.5981210953925,-14.4302370614415,5.83734999753491
-14.4203811443739,-12.6550934513535,5.8692910190126
-17.1869222124404,-10.8005776687302,4.03094233575278
-19.2204270453228,-10.2047809063938,4.95189170172565
-19.9095752857173,-9.50819814757997,8.11624623605925
-19.8552381881887,-6.16024038664673,7.42099557208171
-19.8361763969183,-3.88584033595176,7.54373587996889
-19.8652101993029,-1.67066604506251,9.24992072308355
-19.8142353525008,-2.59545628778713,7.24249574877298
-19.7923545552575,-1.72228485063358,6.80419298638008
-19.8740186246712,4.9110931274669,11.7374546262037
-19.8573005999989,7.99488235305006,12.287012342499
-17.6965844789949,4.22746944820908,7.56749513167829
-16.0088906514258,10.3209643128998,8.01675538062429
-13.2691004316254,13.3552222286727,9.22057169845182
-10.3299066234262,15.5365856982057,6.88580851853946
-6.06072420020845,19.8544252798827,3.77048689511443
-5.13097059464425,19.8356351259942,3.06829464651064
-5.70105731709025,19.8422085401368,3.3751516806869
-8.81379852015846,18.1476550340553,4.39871536771872
-11.3728307700767,13.3028467884863,5.40240852376656
-12.8738064762656,11.2753512043854,4.58158540913203
-16.7419747868896,9.39084636530183,7.44857383465418
-19.5384801915792,9.7298680863687,9.02300383488013
-19.7645650895384,8.21909357162732,9.19167026983001
-19.7424751677567,5.07432234113534,7.40708246694157
-19.7326564837348,-0.63781310805598,5.17574784981548
-19.7509709089187,-3.88609146625814,4.7034692365452
-19.7941548807832,-8.02294169847202,4.76398488795852
-19.8887228985937,-7.70686782776981,8.02161010520862
-19.8894628054327,-9.1187613608403,7.73343341583839
-16.6796607700546,-10.5420118850953,10.0092051387392
-13.8260505653685,-8.92883788153948,5.99858176084448
-12.330408825592,-10.942281835066,6.7547603991674
-9.40046052379575,-11.5666412063636,12.0769634877174
-6.91468959856553,-10.9314979809777,10.2186016902807
-4.84967557111876,-14.4985336775209,10.4127514011952
-4.29203098269387,-15.4726537100581,10.2770120917685
-3.17787806198979,-17.7092873820248,10.8151275740931
-3.16303014396205,-17.4777661456071,10.5551616456627
-4.00648547267359,-15.9801940918027,11.1616404076311
-5.56879065665389,-12.6093669853382,11.5021283568613
-6.95920995337403,-10.5432778160644,9.70184272407549
-7.95091935608591,-10.0201445488092,9.32373311460191
-10.102977607919,-9.5880424185261,8.93479764319595
-12.2317994758075,-8.51307910507061,8.93234866349122
-13.4431184952366,-7.72366836252871,8.86272705370937
-15.5998339370459,-4.82544788934382,9.92444347687787
-16.3944551744611,-4.15660296959769,9.96809969729955
-17.1641266611807,-2.67560325823572,10.0819795331604
-16.8582519583569,-1.73301737451065,9.27332970402234
-16.378868345091,-1.52885216426109,8.27317360212734
-16.3775187436364,-1.2475780443266,8.24304946344139
-16.6754226585887,1.57109728317873,7.988478049322
-15.4728256765357,9.92497279099592,8.63525509887933
-13.782210255478,11.5620651745198,8.6850933571458
-9.817452950414,12.6084944410448,4.29149984720549
-7.94902198229498,15.7172140369022,4.82185537085138
-7.27587418390653,15.5857786548923,5.37725897573421
-5.91283716618711,16.076922972233,5.9446707906697
-5.8575263306308,17.0513791029952,4.97806322695615
-6.26858271095903,15.9560594772064,4.5081299149025
-8.64705201877475,13.0690439228409,4.80048824507559
-11.2271790309607,11.5575645183097,6.19833141386768
-12.9848572970424,10.943803996027,6.67374989220005
-15.7434868321702,9.098917024358,7.44111329544853
-18.6401788404742,7.35360685943534,9.0567691583001
-19.5107968793179,7.60672534377077,9.91716734432006
-19.7397696410936,1.96282814924418,6.27973351420864
-19.8408043116417,0.669350152153306,9.21639653344864
-19.9154064439994,-0.0967187077736035,11.4477779920637
-19.8951023740197,-6.22080174607333,8.72961464663884
-18.1445839112084,-7.70815808865713,9.52818418626908
-16.0156974375697,-9.43143693843373,6.78771962984794
-14.40892561765,-10.9273662867677,12.374986263946
-10.2241490275135,-10.6090376905781,11.6867676435326
-8.87104692922051,-13.0091936677016,11.0693084299509
-4.39998186273288,-15.6418374621546,12.4777572960189
-2.03369170856868,-15.2053445894886,3.64829711871232
-1.33175156429489,-16.9397933986048,5.23427288406187
-2.30702739253536,-15.5705591087198,10.7442572869308
-3.42387887727723,-14.3795920087324,12.5510887110638
-4.31828266571183,-12.4707392816954,11.3637517000462
-6.36218760295261,-9.42881683095133,10.8431961449081
-8.28631513731241,-9.27955033936351,11.046315213466
-9.62474369416686,-9.03847154189276,11.2439186209862
-12.6301556707582,-5.99097158064567,12.4795988928703
-15.1165460974397,-6.5778696956253,13.2701559529972
-16.2688224118106,-6.10374579066992,12.7841532958096
-18.1107841594316,-3.67848313326402,9.90254170586357
-19.1701633953801,-1.58786972966682,8.75229072506805
-18.252764561501,-1.13277791372154,6.01633456005376
-18.6270762013877,2.24327934562305,9.36233138631525
-16.8387551101838,3.0758638478454,7.22836755895927
-16.0728042074672,2.59687369987795,6.07349657095805
-14.0994508568665,7.11252753727537,5.78449040403029
-11.1601853803466,12.8647400763627,8.8190808693543
-9.66683053274163,15.4161234255604,8.01727980720561
-5.66820736645471,17.1120106341241,5.78823331410557
-4.28600610640998,17.3174112076987,4.83263450183384
-4.41550250216994,16.992730574552,5.96403107252704
-4.80559244747367,15.629885053438,6.52063695529781
-6.21235758287007,13.1565738560492,5.96115213447053
-6.84771227770604,11.8971178514891,5.81252546377455
-8.60103216824724,10.3249263173844,5.66539682646214
-11.0085765873391,9.85273729072197,6.3117493652131
-12.2031297141723,9.0947372954167,6.27199757877202
-15.2647384610579,7.41366454138782,8.27808540310174
-17.4040697472618,6.5414327196569,10.1070628369753
-19.1499068976525,5.03254308096204,10.2838784043587
-19.852925092897,0.0281269986657538,9.40668152412901
-19.4916303008906,-3.50602564843724,8.33537228888765
-19.1615348840702,-3.82661611449319,9.45412508370273
-17.5880935171151,-9.09407854795232,4.24434154761617
-15.9723498927322,-10.2967771396599,12.3127373778551
-14.063863415656,-10.0910327496066,12.6704283824501
-9.73880339254149,-13.3362397696936,9.27406866444383
-5.42361191396294,-13.2370328835359,7.08477867585046
-4.49481937009885,-14.1780060396536,5.94943655615192
-2.50751551715206,-15.9256632796185,7.84137109588629
-1.97993551491591,-14.5729598761803,7.11652856608359
-1.71316191910906,-15.7516294096319,6.66747744125298
-1.99927430242676,-14.4182281876188,5.60365906766206
-3.10866742504834,-10.9841670354903,7.83068097498835
-4.2578825710808,-9.83162687851559,9.28337378460816
-5.46031632889874,-10.1852441196511,11.455699609798
-7.53445260082282,-9.20589755017118,10.5452707454175
-8.43371810713397,-7.80805245540308,11.0064598532564
-10.6801816815832,-6.67732973751442,11.7092735564431
-13.1452066238507,-6.83732631159995,11.3776800718288
-13.6335257743499,-5.99533198421672,9.86858872027593
-15.6658154871148,-1.92784472172619,10.3283549788335
-15.0944321372914,-0.53838216504473,9.7335631840873
-16.0404105782319,1.96753930384148,9.12318129086415
-15.0163617906885,4.16615063275274,9.01497775063187
-13.4571006995258,4.87373358019528,6.50623825845887
-11.2983408159433,7.97477628199135,6.11380075167495
-10.0191954381037,10.812763155462,5.28946721346188
-6.79110869812968,14.322207269673,5.44416178888811
-4.59278381047906,18.1015564886999,5.06352947472652
-3.63144356465037,17.6333756492496,5.44662076393397
-2.97025767719736,15.5282257540892,4.7172088699733
-3.7887761986432,14.4261842772572,5.6772049308216
-4.39674314979091,13.3627942357489,4.91769518206682
-5.38736097108179,13.6891647400797,5.30546203620468
-7.71073648009878,12.0991345540572,5.69270266924072
-8.57533284471916,10.3308206405185,4.96850841025918
-10.915608716937,8.93174153083419,5.82495391508002
-13.6038464455964,7.03734876390183,8.56867233072831
-15.1704679431422,6.37856480882156,11.1023386425902
-16.2651000387029,3.15130808276513,9.74903692320861
-16.5388136808828,0.185542352394378,9.52131728693234
-16.244775620117,-2.31962062199216,7.80018164666756
-15.862457031864,-6.89574623179655,8.44209610518272
-13.6726043776452,-8.5754996542878,7.31312532668369
-13.0097441399116,-10.8908786865409,6.77340723171838
-8.50749782166706,-12.8885378070069,12.7979295794656
-6.97953133937907,-13.241995843532,9.08517226419992
-4.9295329209741,-12.8448953546222,11.2590119320141
-2.97435729323597,-10.4415218394122,7.47933148881101
-2.32685786517513,-12.4874989184816,9.90830493932211
-1.98510277948868,-13.3272617676076,9.83418093615981
-2.59765234521916,-11.9905838784325,9.71186579634847
-2.31440855909633,-11.1364246528027,7.65571771677369
-2.81842427219166,-10.2556140158776,8.49737954902526
-3.78079275929292,-8.47230335436202,9.45478967487805
-4.4905696082174,-6.49388174447036,8.76362990938568
-4.77862507109012,-5.00303887938746,8.76380696411543
-5.84632540062923,-4.27234413556321,9.88337891858748
-5.82663927326813,-3.09472649609021,9.93529574041855
-6.47519217497491,-2.49847763530437,9.50395470751379
-6.74301389805244,-2.7980023619416,10.5208530136451
-7.97115853315609,-1.37564061595036,9.88184604781539
-8.39653377770416,-0.976671847554094,10.3873043411512
-8.98211444920807,-1.03191503480198,11.4267072006606
-9.07389521158449,0.411858761904773,11.3381325572779
-9.32748768048346,3.05851058412245,9.94364909050719
-7.79596759361408,7.80474325800818,8.04902158319809
-5.5900121794772,8.5801297512497,6.1760310870334
-4.68012828594156,10.5050639545224,5.83732512963826
-3.75466950492978,11.5487247230665,6.26360771501279
-3.14069301063794,13.5248823294672,7.7582189220142
-2.89941428430603,15.1918402052242,8.31858461430914
-2.48863283622296,15.8453020641494,6.59911436096505
-2.64179977924834,15.120610467196,4.67810540089372
-3.25688784143467,13.7188450226683,4.43765153664084
-4.69140733525066,12.0007907850764,7.02745090416971
-6.5986566683385,9.37663979529686,6.5324454049818
-7.85132010238452,9.55255520917325,7.95205436025371
-10.1300993551741,8.67433711216963,8.58903762208873
-13.4197087035998,9.83796300002918,11.3327274908125
-14.1943007071847,7.87671278871807,9.83204420653734
-17.6292541560296,3.24436833491937,8.46685105621663
-18.6335234565202,-1.01065682287766,9.04486274580924
-18.6442705668841,-3.56341827932714,7.52653824681294
-17.7719419714551,-10.9132554686571,5.1902941684183
-12.8697676295958,-13.0876322990865,8.79144592036138
-10.7121073055526,-12.9856853483594,6.25252986186687
-6.59489550838085,-19.2918139810128,4.66157303519763
-4.31516048178353,-19.2325822331386,5.69212178449962
-2.88480621798488,-19.2287192597867,5.43110755234826
-2.29458817801095,-19.3774378539809,1.5655881874995
-2.96717140591173,-19.2110052114584,5.89455005753794
-4.36817490389483,-17.8906342167017,7.11763055857997
-6.53451189983832,-15.8233726862815,5.54063337926237
-7.97326670931564,-13.6975342136041,4.10912052334364
-10.2428348573845,-11.5190588901105,5.45796476798747
-14.7112189566345,-12.3080412929329,12.5237502734068
-17.9157150160073,-10.3019225588263,9.31865652481617
-19.2332682092384,-8.82251424784411,9.46987737326261
-19.9843687140092,-6.28788787048777,11.6827972714846
-19.8260887046917,-3.71013240067095,7.26604878417479
-19.7703941546956,-1.31988833343152,6.20631180671603
-19.7351959962762,1.79171743605561,6.07024178256579
-18.2087032260158,1.14657441008195,4.28176645951016
-17.6334072959269,4.64548847820663,4.41749675341439
-16.7669707376905,11.3345955453431,5.30049726653366
-12.866027556989,9.77704043146373,3.50726932156166
-11.977835476145,14.6347945442114,2.10788920083351
-8.1156639999191,18.1571698124879,4.64158441211673
-5.49358666329116,16.2970899271799,1.58939409726618
-5.21430087945345,17.5855539258635,2.49239344424902
-5.01426996271582,16.8614276973599,5.52414921252694
-6.79795124204864,15.6179943169219,4.44737086820867
-7.48659218728395,14.0594642686104,4.55514285304522
-9.08006800048871,12.4686568512727,4.20187813831212
-11.7039832408145,10.7093251827925,5.3988022202307
-12.8195702099752,9.88435881916755,5.93923705921099
-15.4590429440265,5.55479213825368,6.79799926116969
-17.26027097722,1.76067415453024,7.42827109888362
-17.8500311001951,0.837186663478795,7.52861960438848
-18.0215592299049,-3.91527026845826,6.53386648919751
-15.9809892827244,-6.40111668238288,5.45745593435861
-15.5137851148999,-7.35596872977863,3.3724057721406
-14.1857140546165,-6.18104828612336,9.67252537014517
-13.1874694611826,-5.28385883115666,8.33384960852166
-11.5681926124605,-5.88470769040083,5.83420029764255
-9.86454855999424,-8.16089996046488,2.96189067176364
-10.0389457604275,-7.65902225952267,8.31125954509824
-8.24537697900166,-14.6834904433573,11.9040652074963
-7.61579797550013,-17.3415133949845,15.6731164145953
-5.22251857793926,-13.3243869694801,13.5280918527246
-4.09824046950701,-13.9072071604519,11.1241536973414
-3.98581141605804,-16.5193897143722,11.0817279480316
-3.98911708474231,-14.1265585431164,9.62266338926692
-5.2331219143995,-11.1866692615278,9.70259023304397
-6.10923146204135,-12.7378372481429,10.460191742727
-7.66000325385912,-11.8485296802841,8.48452361785245
-10.2676276136644,-10.0080611829713,9.78608349310729
-11.6158399358356,-10.338338039753,9.64598774537093
-13.7756311902123,-8.91837153861603,6.84607953562323
-16.1515023627916,-7.02269084444805,6.35809699894612
-17.3250433522736,-4.37391677006927,7.70027755282379
-16.6106216009698,-1.85051016315961,7.29145727577045
-16.3085226750509,-0.732930940246851,4.69461120208878
-16.1605555938134,2.73837488511221,6.52105501189606
-13.8601308437454,4.07046957121517,5.07716097994521
-11.9024581524815,7.41593604287938,6.65648119957231
-11.5905245651514,9.34885929834048,6.6071447188903
-8.84220323989795,13.9331087928703,8.43773203209144
-6.41909310820879,15.98156587342,4.40544016042695
-6.54498772233858,15.4934749352253,5.52009816878718
-7.8883138159902,19.4612613178321,8.70109793480868
-8.24349049897447,18.4264214929999,7.33541354040542
-8.52456709829817,16.9722935375813,6.12130487000069
-9.27014962865183,15.4893448994598,4.60202763752399
-11.7289946308899,12.1049086485544,4.56753219653836
-12.6628373772744,10.6213511489884,5.77309668662177
-14.31579501181,7.85545259794673,4.72289386320055
-15.8551477505938,3.04064502945363,4.7255739546594
-16.7081737790564,2.06108598826008,6.4821704103923
-17.8944305625693,0.802217576930983,7.02455873357579
-17.9399503610583,-4.3899447154777,8.23128292893556
-16.9636469306354,-4.27342618167926,8.62608304346011
-15.6304786436118,-7.88495106100723,6.45469891070708
-12.6705925707567,-9.54828025406596,5.30444789516945
-12.2746328515079,-11.7614560579408,7.14715802108925
-9.02691729069922,-13.4837766305143,11.45196047783
-6.60283118347747,-15.788759987869,6.96163030141887
-4.87632073229347,-17.659656517521,10.3261112905299
-3.53804472037739,-17.2127287277574,9.49507814474725
-2.527010349392,-17.153260119449,10.3699683324219
-2.44894135350365,-16.51820914175,10.1884251070135
-3.91992829368979,-14.6388397770955,10.143637556269
-4.45223027041869,-12.6536041356525,9.21939343422211
-5.43784669409605,-11.9948382882654,8.99897723768522
-7.62275761229271,-9.25422663189081,8.58114269616805
-8.68029298949329,-8.49118663859844,7.87365084913889
-9.27455924771633,-8.68553622056326,8.1305634420727
-11.7943558879072,-5.87914975640564,8.48331005285923
-12.445684047425,-5.43721269283766,7.0673993222733
-12.6490892863898,-4.14679092086409,6.70375004805012
-13.8341931978094,-0.745747571115948,6.86752209755606
-12.6294054410291,2.29264019644061,5.98502593015954
-12.3142759242803,3.61221927748895,7.59709699848526
-10.7355027740334,6.41132033296726,7.5808876083542
-9.41560392922421,9.7308387390159,9.03001607649474
-9.02148976539169,12.6061680248414,10.7369219552618
-6.52102796952489,14.4513168172831,7.76655863331658
-4.81000143686238,16.3624270585917,7.77963403525892
-4.34451986717943,18.2298230205662,8.50734880829998
-4.64007992629189,16.3219171332607,7.8614492107574
-5.07772528518489,13.6676320380692,7.44257817368498
-5.70482360583016,12.1387244971097,7.79677194978555
-6.84707390740768,10.1976558047837,7.67051847376382
-7.73767798621187,7.5871755426266,6.66467580608382
-8.248250968786,5.59896081308472,7.7153170609362
-9.78586562346664,2.57715423445267,8.25772801224618
-10.576959598916,0.613003150090485,7.22724803559375
-10.601585418361,-0.957745705613521,7.76121212239105
-10.7167517566486,-2.55981411636549,7.59466686724822
-10.0104122134745,-5.59152494566615,8.28599347514995
-9.46512166424015,-6.6965150029563,9.07070037506685
-8.29834449003981,-6.63473200487736,7.98964925611151
-7.50750609147377,-8.00206220042192,11.3106596332061
-7.05302934938349,-7.3929671293517,10.5656500191727
-5.42566310420401,-11.008081429343,10.0263130167431
-4.34896438517476,-10.8111624339723,8.99489478917575
-4.06519921201518,-10.6480311074535,9.53126119506291
-3.04279545638072,-9.81499352540196,9.57496904741852
-2.96415319453749,-10.766842717414,9.39761847818655
-3.3918555693978,-12.0171617621851,9.90425795860667
-3.61337657721272,-14.1466581855762,8.84670398724378
-4.90547478720754,-10.8562180249261,7.64856618855007
-5.505216589763,-9.1294565094237,7.9394126566117
-6.49875796199275,-9.69760329961559,8.04756331369312
-8.18716506115035,-9.73388872966101,6.48533005547985
-9.29168182413916,-9.04646156181759,6.29303910060094
-12.2631505964745,-7.00565988383464,8.74415889556263
-13.5485246267535,-6.56941911437249,6.6860638299914
-15.5986673404342,-4.45571500744042,8.03641462934939
-16.1071717703377,-3.39387575464284,8.37798405556787
-17.0476610214991,-1.14597102726774,9.15542832293328
-17.0592365763949,1.88366515162046,6.92196755759055
-15.9316245060666,4.13858256557275,6.22065997259785
-14.9017004093291,5.51899686206831,7.37958064566186
-14.0431596377609,7.50109908586764,7.82462253189433
-14.1055023782194,10.7029301835106,7.8141723726239
-11.368478186748,10.8532556433882,7.59661057154723
-8.67864143628499,17.3918595219989,5.63760262807513
-5.67139446338171,19.9278276008679,5.80743450827931
-1.32273230228528,19.7719430631995,0.523933503554087
-4.84994880825461,16.5438920296165,1.91331876234328
-7.58957238025624,12.4853936931692,6.04300741711246
-9.51736881430093,10.7402700205821,8.49830097665502
-11.217599031417,8.66304249726296,7.20212586387476
-11.7542831868052,7.60298101334131,6.98676459223278
-14.3933079254371,6.06902676708829,7.65792793594544
-16.1940472042303,4.7282738918675,8.22184623119797
-17.0952842505278,3.69557857344844,7.4652004197884
-18.9427218180635,1.35426153296363,8.69993870679337
-19.0523672630012,-3.81035682532947,9.05533814840215
-17.2564467239979,-4.6725594519074,9.73232167296146
-14.6950548807927,-8.67578493618631,7.515226491483
-13.3660808379764,-10.2702003883404,7.41834772420311
-10.9962123025204,-9.79005905850138,5.6636448357167
-8.03200821639674,-13.7101867697642,2.67044830969382
-5.30321102304426,-18.6374840326843,6.87284317144847
-3.98952098253998,-17.602452269093,4.5327222316548
-2.18378924294992,-19.4013030576841,0.941258361153793
-3.16748667049649,-18.2194057074049,2.48805752828266
-3.74751496036149,-16.0468714396554,2.42816875109944
-4.702645018222,-14.9256783620122,2.45021925990485
-7.13863086195137,-13.2616777212847,4.20441426445983
-8.63857709803215,-12.1461875802768,4.16025099738976
-11.4762585026536,-12.9361155217408,5.46857035832533
-14.4861987887816,-10.2246256740392,6.74319091024772
-16.6673415427732,-9.70300273843378,8.30032467469924
-19.9227707345544,-6.95927999480687,9.48462937839799
-19.8622866079991,-5.20702449781014,7.97368152870918
-19.8521468652535,-4.77421717560623,7.77995921125624
-19.7546101921201,-0.149830906217381,6.07019886327174
-19.7290194660435,0.519422504509743,5.44025913096
-19.7503687600385,2.05225371922077,6.66284600236615
-19.4259402227858,10.7801865985341,4.91171854089345
-15.2286461031565,10.3865456258011,6.40916243413268
-13.8669422244269,16.4762026739753,6.12584190279522
-8.04354150958048,19.8718801363056,4.70256263302923
-4.94061305031652,19.7914231732999,1.91540644307091
-5.6701858860886,19.8518696082263,3.84833814336799
-6.65625115239344,17.3319319194333,6.68587962491799
-7.91314088480507,13.3154302556322,5.27098356293409
-8.58117977940772,11.8372352502924,5.58664897295856
-10.3893965291089,10.1580307951078,6.12920817813395
-13.164103038585,8.88653643732001,6.99243788953451
-14.5005528680008,7.8988870125118,6.87229856869406
-16.9452986890692,5.18908500920513,7.30276767618372
-18.953853081318,3.07420236079035,9.09202617997454
-19.8669924774349,2.51028311949648,10.7818751791824
-19.862703214228,1.34164431022754,10.1704580056848
-19.810359663223,-2.09359440277521,7.28059340118309
-19.8212136625724,-2.67828959648834,7.44749498159133
-19.730962766327,-3.63634851756564,4.11977879971792
-19.8290267924997,-6.66043910103855,6.45944494116186
-18.7433962916762,-6.95663593574295,6.62273344415674
-17.5536148581645,-11.8023259896252,3.37573572136744
-11.9044954432586,-16.149669694797,4.47076688885449
-9.30256454911351,-19.1885127255766,1.69720360827598
-3.35312566470987,-19.454591708229,-0.098623797029232
-2.89618567963705,-19.3286016718163,2.93689211702013
-3.0814436493233,-18.9298459033533,4.27466216153271
-4.06899026895519,-19.2532709752798,5.05351627321584
-5.72943730918796,-15.3670503320475,7.89045171432049
-7.27303406679754,-12.6946696186724,8.47904647598176
-9.27654054262654,-14.2102451294858,7.77515531263397
-11.7857792818947,-12.181266379082,5.38665847328583
-13.4304379180547,-9.70330999545789,5.80777401556778
-17.2277836250662,-8.29978653250361,8.75124130103711
-18.3975698226803,-6.90288407607469,3.87049821388653
-19.0147859503385,-6.70055314893386,4.23567865591963
-19.8764781473246,-2.74488319486305,9.26744660720579
-19.7275889640646,-2.55639586047691,4.36730294333639
-19.7131567589042,-1.58346764401147,4.21053884347881
-19.6519945803919,4.29868703298553,4.21141324891044
-17.4866233300893,6.0215463051963,5.2693798897188
-16.5045272774705,12.0356837150994,3.49219238087457
-12.5228896211813,14.3017920869484,5.64859459695827
-9.89279508188727,16.8732019883234,5.54202765270531
-9.46316325861804,19.4880673064479,8.02947227896351
-7.76265826574417,20.1028632748249,10.4069202850532
-6.82025333218503,19.3017588558093,6.18200899518503
-6.81194647153257,18.1148286169244,5.35167930011952
-8.03070961873647,13.6529586462981,5.12099125812776
-9.81954060417496,9.44168478950722,5.67234899405034
-11.9318941936065,7.59116139378136,6.1970772140008
-12.6539271687914,6.16596651536875,6.59451182183862
-14.0334417479587,4.3741301808186,5.59051980485149
-16.1971691254393,3.49965388786223,6.89072924452242
-16.6491581474487,2.61174370398555,6.82871277683616
-17.155275101018,-0.460427759472668,5.55490515947311
-17.5796316349221,-3.32794386227898,5.72653277605292
-17.6774787717808,-4.27921486871418,6.14635883685017
-15.820411457556,-8.03386265729089,5.95114564815506
-13.8252840940611,-8.63695944267672,7.49044387341355
-12.6695952316264,-11.1886616811126,9.53703272264042
-8.59882218413369,-12.9159435184704,11.1781074107255
-5.46063728495556,-12.1521824170985,10.3373792648114
-4.7330889530771,-11.4923262191153,9.89546385793411
-3.19755547492066,-16.8196404203641,10.9786356905673
-3.22784043078171,-14.6180166590594,10.6707267550886
-3.49956474116917,-13.9243289781462,10.9653501547381
-4.3645213262358,-12.4728016389471,11.5631300520767
-5.70820308133877,-12.0476877949465,10.4981712766848
-6.72084624472728,-12.5112611094502,10.1733696418027
-9.17168711461415,-10.7262290045299,8.91278014835025
-12.3319878298803,-10.5008000782648,9.95258207445962
-13.6957115728378,-8.71599040927429,8.1154303782883
-16.3475850579511,-5.50255848355211,7.24705147071786
-17.4752717975772,-4.27831320434162,9.11056893002189
-17.4297798266875,-3.04433141833566,7.45322891778954
-18.2483514754426,1.1232149525794,4.96442457981485
-16.2377268821679,6.33293649230939,5.32120429159218
-15.0485393204611,6.97913505236072,4.00352729712249
-13.3939658092992,8.89482243711972,4.08530013615278
-10.4085319810683,16.800810920153,3.14305231866065
-7.87160621315035,17.8832361307508,1.6221142176287
-5.5462313466873,17.8878701224135,0.797553865292521
-6.15957314729704,17.0678211741158,5.58431551823589
-6.8033355659087,16.6674588502652,5.37114715887954
-7.18773707760801,15.7587112931793,4.23269984245101
-8.51121664247185,15.5448007367129,3.46475854492855
-9.29291234963846,14.5973845706227,2.77549645231798
-11.2604308947212,11.2475951270814,2.70636232202052
-14.2367581052765,8.91587600025325,5.36093692941884
-15.4165070098004,7.28822214092551,5.95794478785608
-17.8261982736885,2.86267576383999,5.43696849984987
-18.5746636566425,-0.472038442936325,7.89357258461845
-18.4933566348143,-2.17173635930602,6.19468182177409
-17.4033320024244,-3.7519664887772,3.10104241492846
-17.2349566872746,-9.80265786233177,3.67676299054424
-15.2092665848616,-12.6218626944591,6.29883725601229
-12.3013340385241,-17.9119255652004,7.01268211151725
-8.35679883247608,-11.2827585607922,7.36314412637449
-7.76489247857559,-12.2489107704695,4.90456995605162
-4.80181898974911,-17.9704340873675,7.26575456803714
-3.82252912565265,-13.8417030105094,6.76823355967195
-3.56933377122254,-12.3506253060672,8.13507900776239
-3.59145392557874,-11.188066354596,9.49662352732534
-4.01153615898533,-10.4622815338855,8.35667752983324
-3.67959048584637,-9.72084768043626,7.47979477871787
-4.23170131133866,-9.02311351601586,8.36458772666021
-5.10810047193956,-8.88265746535525,10.9580450969103
-5.26407062832386,-8.28025183814692,8.94167861543679
-5.99843078093361,-10.7158358233454,7.36194071722403
-6.57074201985945,-9.48076727671595,5.706687309388
-7.46341673210105,-8.61051609139933,4.82557308296124
-10.1538873188361,-8.92173471747389,8.25034027825968
-11.6060594139714,-5.54731011865823,6.49883370032254
-12.1728709383698,-3.98623965930824,6.1101466588285
-13.0363382298851,-3.94936887178439,7.60684959709262
-13.5448096719342,-0.978104770653442,8.34710798707537
-13.3034433246455,-2.04486072537585,4.83749649688477
-13.7433497294356,2.53550065491519,6.58996062750086
-11.8899902496014,3.19573927709651,6.17537506132716
-11.2480176106446,3.95326177983559,5.38382418281182
-10.7483573506206,7.25354392286423,6.31772810345606
-9.71103950355226,10.6382876897865,10.1862686974501
-9.06554726667741,13.0500132955605,11.0122308753413
-7.04781608030219,15.2671612499097,7.76773571665058
-5.73805209913394,19.7614962815826,8.36838924447937
-5.62862634134666,20.0080002857452,7.80105959970324
-6.23653016978884,15.8708440381534,5.54148424433779
-7.08425177532047,12.3992563759485,4.00262195355289
-7.93717044918498,10.7240193417957,3.86694252463456
-9.61592932651086,7.9937249973191,5.02987207609544
-11.3455459334195,6.56531325696811,5.71846985250073
-12.0628615977447,5.6223239150364,5.96160501681838
-13.1128539167779,3.57892463918859,5.40842102084825
-14.4038643949154,2.05416480639989,6.75041839517145
-15.2512538266992,1.02325791189583,6.80299853713447
-16.5630515524766,-0.767392387009926,10.9583469890529
-16.2722089953196,-3.53890440687213,6.8880812152672
-16.7319273679134,-4.23359846473886,8.72602441261526
-16.1661739739096,-1.50925076572382,13.4975873366178
-15.4834171898551,-4.37923719049138,8.24390418808169
-13.0887478774142,-5.23418876476025,6.55870064508089
-13.004241562243,-6.6005012897755,5.65324986969207
-10.2154801152873,-12.0980997520522,3.72196270268043
-7.81573931908749,-12.8856253572255,4.0203625388706
-6.42756288056405,-15.0947274814536,3.32308429421471
-3.13177534560215,-16.8607042329842,1.19831227870233
-2.04603084137332,-15.9438826127256,1.52545376263995
-2.27735486494766,-16.1042205858121,2.00332137793524
-1.8859334020984,-16.0703515142508,2.93172601490063
-2.96894693588725,-14.028756138863,3.97306396257721
-3.66433005691286,-12.7054938457114,4.79279980651294
-4.7528298840777,-10.469619473686,5.84508747506943
-5.60604623963815,-10.1148993036909,5.29144668157973
-6.390373749413,-9.54896386879945,5.27325733974882
-7.58920191446296,-7.21663531507698,6.01163902598814
-8.89560526935345,-6.58124408020023,7.56114162232654
-9.74589144466265,-6.467550880924,7.14506768426547
-11.7876574031729,-9.35803743933065,8.28382995340355
-13.7435963178734,-6.94665472531606,7.77671227511251
-15.272274559293,-6.57912950894164,9.38770643992075
-16.9200511045413,-3.85802237770956,9.12595243573021
-16.8578084895476,-2.19524766858789,7.0531885944042
-17.2382369127138,-0.694994185344711,7.61094636595504
-16.5487059160139,4.06747079516292,8.06811152863304
-14.7230564034976,5.56702301627299,5.5433532719123
-13.2875387496905,6.03286603380003,5.57980124157964
-10.8428948923798,12.0660412369043,5.70825374803683
-7.98254910989306,14.1048108131989,6.11201772115044
-6.95853060570969,14.0694471148781,6.04911991895092
-5.20643479244084,15.5281442842008,5.09468318792914
-4.77281113398345,17.6165844379861,6.0901596338068
-5.08350453792057,18.886681483345,5.90350268548913
-6.30416068209217,16.681866109025,3.33244753408861
-8.23016201783078,14.1731949621493,5.78897051270894
-8.94149661042608,13.4553098703074,5.43439858832882
-11.8201380310751,11.704317516527,6.60426506008293
-13.8110145150015,9.38905429696193,6.79072086728086
-14.9271592169384,7.2860415363828,5.66140391697626
-17.1022591736134,4.433316325131,6.76017848720806
-18.4025973493447,1.62408088733162,7.59046326209883
-18.0584113933145,-0.346536048488807,7.6106271298248
-17.4255274174194,-4.43447908248484,4.95460826320939
-15.9430188383719,-6.22662327296374,6.45901190405115
-14.983850878674,-6.72255739504993,5.01177051248067
-13.8688941220838,-11.1002114917887,6.78180457811415
-10.8829690671408,-14.7094525221332,9.40094626911008
-9.28903081358227,-16.9921237799662,10.104441480722
-5.38209168001636,-15.2526845592519,7.79022820860545
-4.05083831163558,-17.7702037877363,8.49310261639817
-3.47618583847336,-18.9820609910257,9.05241097182741
-3.54258246062947,-16.088090134607,9.7845292936676
-4.35337317743011,-15.8966854727512,8.78790306444575
-4.82636687344294,-15.4901045709755,8.35852561871951
-6.75243344094186,-13.0915456312681,7.40365668685021
-8.95622932134449,-12.0800204886096,7.74901788589123
-10.2423075463377,-11.7180364880877,7.42534391838415
-13.1688555003341,-9.85857997135378,6.10958173666107
-15.7413339194281,-8.45905429029625,6.01373385261224
-17.1583068466296,-7.38315659964967,5.55746004477222
-18.5827488633407,-4.84830800767228,2.91734070445913
-19.5639608143506,-2.85236708050174,3.39031109648992
-19.7011621670498,-0.621826808103542,4.13126606029897
-19.5759545633767,3.67588234031836,6.75514050607418
-18.7973252973577,7.39043115749044,7.44335382832692
-17.1999341741416,7.08658182438487,5.85112400653833
-14.8013208238747,10.3409298921142,3.90520527662639
-12.3900339526119,14.9207164484316,5.52894453437057
-10.7094165920853,17.3705130079363,5.55178916091176
-8.33426144058588,19.8453519968623,7.28379257075165
-6.96923392125483,19.9662644513637,6.7935936124007
-6.70449582082871,19.9150475680299,5.44698700394904
-7.62762553520045,19.7977960158476,4.54181276442973
-9.54146378423184,15.4565171134098,4.0885391433618
-10.470233202244,13.1772196894738,4.07079141113339
-12.756505243337,11.0237505711515,3.34901865664769
-15.4218816904777,8.89224847837443,3.98933049688143
-16.5409025383191,6.69516682692193,3.08231970679025
-19.3877094173845,3.75634670162282,2.79509220191846
-19.7127692044764,0.796040704749565,4.99078981213831
-19.7842973351489,-1.32792853194629,6.66707108899003
-19.8311254781126,-4.98922298809759,7.00757770239672
-19.8151231741578,-5.7579318863413,6.21793127115292
-19.8073309042912,-6.74048659281182,5.7095661702896
-18.1996449288938,-9.89669199687748,6.29478964661192
-15.5488327308585,-12.5797048738975,5.40296455191339
-13.6260608435612,-16.4051406779461,7.49104434242976
-8.49032622790212,-13.3845882562363,4.88070579140408
-6.01184653216878,-19.3110294349118,4.15511325276586
-4.81026114133558,-19.1730550351671,7.30407689867462
-4.37218206251778,-19.1880886117528,6.8187177143278
-4.29594234676642,-19.2175502061172,6.00327352173311
-6.16033759563685,-18.3203082133013,6.27923723513769
-7.27096179958637,-16.0242198110816,6.74785259356388
-10.0469275010792,-12.5355309414045,5.61059179317833
-11.9005769065965,-12.6661668696472,3.76561641126267
-14.2466031834534,-12.1984674467636,4.01588323838281
-19.1377768294979,-8.43800471365933,8.46628327791994
-19.8600995922776,-6.79906931196595,7.37009939993803
-19.8472961132995,-5.86277461367235,7.25541500010075
-19.8019991031643,-3.62356166395495,6.49191897883244
-19.718209366681,1.25944854615464,5.32659783275942
-19.655361045035,3.86815356266891,4.10122211673069
-19.5914272301627,5.90515433469463,2.88578160219547
-17.9247398684858,8.20811204883595,4.50744519460308
-16.2985028907911,9.37187880982935,4.88865162372766
-13.7028628383439,16.6367282039287,4.89149710941924
-9.3163997374824,16.2751251257891,4.74881994025834
-7.66112434899776,19.2323237263582,3.33977161305077
-5.51427424015671,19.8699584805513,4.02220442181772
-6.32726246062914,19.8089127736081,4.43479653525107
-7.06618652644475,18.1182092024427,4.12333264719758
-8.65734155117877,13.2514557571839,4.33642650470482
-10.1811999247007,9.90209067070447,4.70558589899643
-11.0762312717462,8.67856731054212,4.86190605126811
-13.4454076570792,6.52368995437251,5.56191914581469
-14.9541380368446,5.45874413679819,6.42497156172128
-16.0875427873502,4.36895784045381,5.73535893738679
-18.7837766911447,3.01175007821049,7.18897799519388
-19.8201616307915,-1.11893019924422,8.01110918482108
-19.8030076025663,-2.93671546393838,7.38564806699348
-18.7390060978194,-5.26743544357617,6.9605650161398
-17.1771763396152,-6.77523410918348,9.15042519732759
-16.1097949595247,-6.89974228588588,8.16465161667197
-13.6154891605108,-7.42989088989143,5.23888609909569
-11.634354626751,-12.3356016573537,3.28575248915182
-9.91933642990699,-13.7225238609308,4.74887402944933
-6.94515265929469,-14.5089079703099,3.25655718954222
-4.43024909875833,-17.5631475186299,2.27423636758856
-3.66557855777633,-16.9698362799312,1.83505975367184
-3.57763714550945,-17.1885564654265,3.40670949990665
-4.23044930514833,-17.9968279813378,4.06928861570146
-4.71567717442367,-17.6589709734434,4.49818176183063
-6.20239796765653,-16.4737608112524,5.53542421359723
-9.44738295661262,-15.8285233700979,6.61883928443148
-10.6857126988436,-15.0927697322285,5.93267559311664
-13.9761575213911,-13.3025454253571,4.65272570931721
-17.3230658380251,-11.4569995219984,3.93210994754842
-19.1732437007638,-10.997000977565,3.74620390078815
-19.7725594334548,-6.14011974976199,4.67174395991544
-19.7760173985946,-4.30618399127424,5.39832138407031
-19.7360987759496,-2.04277458947684,4.82217042983721
-19.6283459326172,-2.58275274521748,1.05041626684049
-19.5901705762962,3.73704880769695,1.8845049071141
-19.492284738162,10.7506994124037,0.959527170874301
-19.6680842925552,6.52484165404215,5.41089306452763
-18.6118947655615,15.6545545935703,3.22808927870313
-15.0397680142842,15.9849224813016,2.21603814742243
-8.1023834836701,19.5094118124529,-4.34443496976472
-7.18176186295574,19.6404036084191,-1.29979547578913
-7.30653848467895,19.3438035096755,0.472590106922068
-8.99857315926559,19.108715314633,2.19972244528885
-10.4156924542198,14.6838117338811,3.78060485076889
-11.2334890492558,13.6250177579185,3.54752057891906
-13.9022013594802,11.0266583877105,3.82782690875447
-16.4531208488369,8.54040276361543,3.7693696496926
-17.7246619299994,7.11788803773763,3.23414141097958
-19.6699679911071,3.02724277524639,4.38671218683603
-19.6909403424443,0.781320228062785,4.25825425217171
-19.6909113312892,-0.424502562997606,3.85534628331601
-19.6974094045385,-2.64782178979456,3.33084231602526
-19.7083838982362,-4.06694220552982,3.22361863403953
-19.7243557326806,-4.98200458253229,3.45099232318424
-19.7519926773662,-5.61079523124014,4.79379063788928
-18.7947520457889,-8.55850094835916,2.43574539163632
-17.9598667629318,-10.4490610473207,5.77092105828402
-14.3974791543466,-11.8133698561231,10.988043792452
-10.940101543787,-14.3095049488398,8.28285947464615
-9.09634136278561,-14.6659498271447,8.00714696309542
-6.48826006414273,-15.934684001829,7.35430668186007
-4.2551545148504,-18.7002270293123,7.73525233336885
-4.17035379297725,-17.7309038269549,8.30859241530616
-4.52682197603247,-16.5095790563174,10.0259813302388
-5.69950117900587,-16.1544388905213,8.36581805266507
-6.27445214374203,-15.2011134315203,8.04586402231443
-8.02305178064654,-13.9605968845102,7.17994915077762
-11.0709393147136,-14.6393461833746,7.01148898159539
-12.8500780608965,-14.0080800695656,5.22476074436723
-15.5703460974532,-11.2286301674281,3.09903461274809
-19.1009932936275,-9.5731607435796,2.75921596970384
-19.6574704571635,-6.57105714506454,0.691798951770788
-19.6582559589998,-6.97516641021844,0.583279257927523
-19.7244737484878,-4.3753151706405,3.65715598738709
-19.7169773887059,-3.28876113200568,3.76946200753708
-19.7272409114958,-1.58156062172495,4.6806462706269
-19.5748043839819,2.82362560217831,1.06782409479784
-19.7668858686538,6.56516319876244,8.71771944939023
-19.7188186580148,11.8939694592469,8.89174784824927
-18.9770620981119,10.9143277737703,5.22065256776796
-13.07188020655,19.566553257123,-1.67352467229101
-9.68108676302285,19.6021660728402,-1.63090264024422
-7.91815887483352,19.7165087722987,0.786932874171521
-9.19698242825548,19.3643137515476,1.87686797145782
-9.44715410327749,17.3157055532524,2.6691490806493
-11.3882546857458,13.9599333288899,2.74306296190693
-12.7327229353975,9.79323874295733,2.38279083979947
-13.8161775906904,8.15433164154283,1.89641682463351
-16.647464093222,5.29726441478444,3.17037645276078
-18.6720491164312,3.39355643554557,4.6176353161611
-19.5503567327691,2.19866065506951,3.98935391420882
-19.7022288051655,-0.567021476574228,4.18508910800091
-19.7135747828426,-2.27920471752632,3.99256061691839
-19.763204310729,-3.43540754231158,5.26147727153848
-19.8609206360146,-7.77084404278425,7.07354261423272
-19.9190705817978,-10.3931289707217,8.13777916436145
-19.7270055439436,-10.508334867895,6.82541439836666
-17.1571187365361,-7.60255579883735,4.26129135592921
-14.9044664689202,-11.4128510802718,2.69568341654
-12.5919578016432,-12.6708375955985,4.71935955446476
-10.1908721214118,-13.0212652660752,3.85630181832845
-6.63836964011071,-18.4670772469064,5.12329558805492
-5.23211628777673,-18.5188934589902,5.33150348887062
-4.10872979430235,-19.1608263758479,5.69892281300097
-3.74332665139792,-19.3022697267829,3.80697598579604
-4.477659422245,-19.2992993806602,4.06481783157563
-7.24172603758601,-18.07930532134,8.08632630354469
-9.81188157048092,-15.6236778839511,6.92385991861916
-11.0937132506374,-15.2390482643507,6.38728753273683
-14.9098228638302,-14.4862737631197,5.87342432497766
-18.7199935150189,-11.297593586997,4.31675954165211
-19.7655454982801,-10.2938931333545,4.23678694555494
-19.6967353009946,-7.83820623252929,1.57824405031666
-19.6343556415736,-6.40796914987187,-0.0243322361640244
-19.6532179809006,-4.78628074775967,1.14497520877377
-19.6527122492347,-3.89657134857456,1.42468728630487
-19.5777808384364,3.04839500145209,1.24196237637227
-19.6132072699846,3.70729288212203,2.64247605486765
-19.3809670974666,4.29616206436254,3.30255490347805
-16.7298910361175,11.4449878658758,4.10130465427846
-14.5593389696694,11.0603197476722,5.07302292853833
-12.3411839338988,16.43130611124,6.29763158913078
-10.2356405401858,19.9685237525778,7.66667779748746
-9.47524389257171,20.0105577307008,8.52742808865938
-7.84376039841643,19.8182276076927,3.31130413991669
-8.17875403042703,18.9050838828614,1.392312209902
-8.76872355411702,16.9304838871209,1.30706083136314
-11.1589380858514,14.1634440810485,4.00330512936177
-13.3343926090999,10.840635369369,4.72051769469833
-14.2813590465404,9.24188873856932,3.16932363580234
-16.8978954585988,6.52647190756332,3.80159172129714
-18.5807191154863,3.77383367659408,3.98802947349619
-19.4553989466192,3.05323614897225,4.2647714142824
-19.6720055762681,0.447806800010837,3.51592423694717
-19.7096864526585,-3.42955057713416,3.47950099091465
-19.7351400143376,-4.4580543822646,3.98511844517395
-19.7465217184079,-5.72863504581351,3.94098169300142
-19.8039957970144,-8.18927611568486,5.03657062326005
-19.7952377738401,-9.04531384741932,4.45929060686978
-17.5603832359791,-15.9992493586737,5.51598332629395
-11.4499413954651,-15.2913330021127,4.98969291124937
-9.92215230832945,-14.2915393642911,3.39073739290448
-7.96962152982823,-17.3196657261058,2.54355097906357
-5.33280134201199,-19.3358011233652,3.36605974389328
-4.80643187204657,-19.2005801663923,6.61499130072333
-5.95392305022948,-19.0496800860743,10.6743661032182
-7.38810331439277,-18.3406550590147,9.24926096304591
-8.53966507401761,-16.4462255931242,8.42392036619274
-10.532504698695,-13.4419077720074,7.60877119226231
-12.8808220739125,-12.5266005731759,8.63687880129
-14.2188237891692,-11.9274728640447,8.1506491576651
-17.1341394888696,-10.9616742260022,5.13695151420412
-19.1605033085381,-9.27533827916214,2.08081606531629
-19.7127173667075,-8.57294933331572,1.94496067066291
-19.6661435509518,-5.32210115158891,1.39722074253949
-19.6409898129114,-6.60529187493269,0.131032566744879
-19.669249272949,-2.93790756383901,2.29547600502676
-19.6710635308283,-0.521480365584587,3.16142700042335
-19.6314156918472,2.2768119477982,2.85149193569051
-18.446138456441,4.40333880219015,2.1576019160214
-17.7071792575122,6.52816243548942,2.8492877782145
-14.7071939377061,9.27259396331493,3.80403535904124
-12.7547874551138,17.1177606304576,8.2422278855425
-11.0191690086303,18.3025789347106,9.48144395624928
-9.15079493912539,20.0455758493324,9.32176881608734
-7.26919636791689,19.92399235065,5.81178170622349
-7.28793034295165,19.8659585786007,4.36562089875038
-8.38375220985298,18.9755558433469,4.46209326240844
-9.90516478358376,13.7615101663057,1.84019735832588
-10.7960695777302,11.7381189442536,1.98682044421912
-13.517700537732,9.18834567210881,3.49500888808089
-15.4041672661615,5.49287758301282,4.15921717881485
-15.9714387196745,4.02102782681009,2.93267862964419
-19.0162782685227,3.50890929386523,4.29607181202589
-19.6944166369411,-0.273570483287712,4.33808235232676
-19.7148389017148,-1.9038860864544,4.15980412301531
-19.7981784272395,-2.17058518672763,6.84888860708116
-19.8278528371159,-5.5055245786101,6.72638913899958
-19.6852605103725,-6.49383257737224,7.955512662168
-16.2298674669633,-9.38308292937661,7.6312015317869
-13.8890038825098,-9.91895882143528,7.29361257119069
-12.475882861494,-9.89230965487719,8.3246943344671
-9.7266877849969,-12.8034215532648,7.39101641803914
-6.84835127818167,-16.603957827531,9.98238210733226
-6.26131012771033,-15.9926562078946,10.8153496236103
-4.9298596917725,-16.821756598156,10.1020748044711
-5.22986878490836,-14.9828295841005,11.3267934225607
-5.73721817602597,-13.8920995211401,12.2706555340558
-6.29748728764166,-12.2770519261531,12.3919396166156
-7.68431337578801,-9.78603067697301,9.90346521974156
-8.10184388650044,-9.47489206561552,9.4080964946124
-9.25929129282159,-7.589551546494,8.77591447204623
-10.766723918509,-7.62327163821182,7.6514818854927
-11.4688565032544,-7.49035241968328,6.72150955832758
-13.0361672611535,-5.80658258831868,5.64085652084627
-14.3111033741863,-4.67226085923478,6.0710748294634
-14.8147250553663,-3.94769570161766,6.05856580299307
-15.1178810116396,-2.81243090111502,5.97019383514806
-15.859338066667,-1.57019614853671,5.85295893011914
-15.5279724776692,-0.892608194513576,4.81633942354378
-15.165730219186,1.66704778980374,4.32459917301988
-13.8266275321577,3.84138435832264,6.88204980280499
-13.2802136869791,3.27281550936598,5.75683852274059
-12.6058555797701,4.2439708044744,5.92936955437893
-10.665857011506,9.99933173446386,6.06088867371908
-9.33131152767171,8.85928887597599,5.77196181004304
-8.96100195643153,9.74337563479093,7.13523381848626
-7.63840035094104,8.63302740262224,7.41212536873122
-6.7170408769641,6.82718320060558,5.84178457908429
-6.46593253197848,7.17404866245868,5.71336097513202
-4.61442668446579,4.05137316329673,7.25541031966269
-3.99791587440481,3.61575379391046,6.20481394203596
-4.31798711700591,3.2713976741861,9.10621002827869
-3.39482155323578,0.294855980672736,9.92567043475032
-2.49573570045363,-1.19703970423647,8.72906040956675
-2.55078023367642,3.65789736931498,10.3675948807609
-1.28891382676157,2.20452825825131,8.84656597221904
-0.588214090206293,2.06228162045936,9.66339983894277
0.516007950103147,2.720439595898,13.1542799506185
0.314804586871971,-0.583091734275613,11.1070216543809
1.29178645278653,-3.42592806661353,9.15153275078876
2.01627237050077,-1.92504343049206,12.8001274137747
1.48587750508438,0.859699640298879,14.2089929058867
1.61005421487016,-0.17902701723366,12.3270773230412
1.67030555983491,-1.1909061634539,12.2693745506238
0.571204763854982,3.11211553605879,11.6816311961435
-1.01250455011602,3.39606131082144,10.9176750660542
1.24755199777336,2.03327259482986,8.65876588985484
0.204685448718922,1.94206030040336,8.91326253928676
-0.278996320105378,2.09069614119838,8.20190425570693
0.457933211951207,0.28054142861985,9.62197281945039
0.514775347555517,0.0344923458928926,11.1166189995418
-1.95097586433345,2.79201605426194,14.5430824860071
-2.87378209335362,1.37025856773961,7.11733939965321
-1.96597089280866,1.56640026456762,10.0584412883202
-1.94996225001676,2.31036718902354,8.90495873812269
-0.760680108826462,-0.118988308534271,9.87255387578879
-1.05180978616482,-0.958298572928516,6.43714581333428
-0.514783352020587,-1.04480024789271,10.124787785511
-0.422405883235014,-0.457608491421247,10.2392970248946
-0.0614491599160223,-0.225534675964555,7.75221980738218
-0.55476353882135,-0.591866790427185,10.2672156183405
-0.133831282658406,0.212856616321546,10.2321921993795
-0.103989968865507,0.228969750981613,10.2684938101439
-0.108397859277723,0.21878025757309,10.2542360657266
-0.093664728467312,0.235193603597058,10.2419756017859
-0.121860086793063,0.212792977984079,10.2276084419765
-0.0992064269617413,0.233803165500605,10.2684444785464
-0.116810574180347,0.222121917292607,10.2201919283438
-0.0979944739163524,0.232177674422837,10.2275042133409
-0.105117690129883,0.229709928800551,10.2274357813853
-0.104151746290223,0.23403897850448,10.2755761334754
-0.107956403928927,0.232744917552808,10.2441757740933
-0.113012770149208,0.216146796887756,10.2493976808593
-0.112552120086918,0.22523346358905,10.2370715676834
-0.107580752437377,0.227388838663276,10.2298686980784
-0.103082375956056,0.232604721671155,10.2394523700587
-0.119850820940295,0.213296582776583,10.2396962453259
-0.10311527788468,0.22294435223653,10.237328977868
-0.115261958389868,0.213538855383816,10.2446058448691
-0.102538093432226,0.229448596615281,10.2202575775791
-0.112649459763588,0.222937892633171,10.2395510332537
-0.119072103526936,0.231661150423615,10.219860520763
-0.108274471279995,0.22346701660707,10.2516853854803
-0.110174056350165,0.213111808135499,10.2326576881512
-0.108079791926655,0.228058158518828,10.2467264543396
-0.110723826372359,0.235684289182843,10.2585075159068
-0.11477526000652,0.225016710163212,10.2322085170173
-0.120057841399563,0.220852615499771,10.2491156048759
-0.108001646963479,0.23523172275313,10.2465128103118
-0.0982412499118092,0.222804156354878,10.2326055738334
-0.110186397456094,0.225258982770445,10.2371181165605
-0.11061414558976,0.225832685503775,10.2515676219272
-0.11061414558976,0.225832685503775,10.2515676219272
-0.105597534905667,0.225501255377679,10.2420277161038
-0.105578340192174,0.220623262099256,10.2397618945612
-0.107730188756164,0.220310891551196,10.2324905930007
-0.110238494098211,0.220476606614244,10.2372605459124
-0.101319886098744,0.223734808395699,10.2566415339007
-0.11712178792385,0.220113197703393,10.2298961465975
-0.108326567922112,0.218684640450868,10.2518278148321
-0.112785188867245,0.230398308234138,10.2465621419093
-0.115131716784575,0.22549479577432,10.2442497714895
-0.10780833371934,0.213137327316894,10.2327042370284
-0.107918014501939,0.222988930995962,10.2396441310081
-0.114937037431236,0.230085937686078,10.2392908403488
-0.114943891038801,0.222816756329554,10.2370962334821
-0.105870359222183,0.213736549231619,10.2472002912723
-0.110407125130492,0.218276652780587,10.2421482623772
-0.112480828731307,0.225137846466828,10.2346633167889
-0.110179543848529,0.232528164126969,10.2393127234272
-0.103141326205738,0.22055316415843,10.2374001925439
-0.11522220285368,0.230468406174965,10.2489238439266
-0.105500195228998,0.227796826333558,10.2395482505334
-0.117043642960674,0.227286761937695,10.2296825025697
-0.0940540871739911,0.226011319773542,10.2518934640674
-0.117290418956131,0.217913243869736,10.2347838630623
-0.12019357050322,0.228313031100739,10.2561267135315
-0.102804064141177,0.224953071825744,10.2276247596143
-0.107879625074952,0.213232944439115,10.2351124879229
-0.112701556405705,0.21815551647697,10.2396934626056
-0.103316810845584,0.211084028968249,10.240093302142
-0.105435757480951,0.220432027854813,10.2349453927723
-0.107827528432834,0.218015320595317,10.234970058571
-0.12389403485769,0.236583722461469,10.2244414954456
-0.117186225671896,0.227477996182139,10.2344990043586
-0.109616066611205,0.224494045792672,10.217852109405
-0.110115106100482,0.225163365648224,10.2347098656661
-0.117140982637344,0.224991190981816,10.2321619681401
-0.10084004132296,0.22794348181857,10.2420495991822
-0.103043986529069,0.222848735114309,10.2349207269735
-0.119668482692884,0.230034899323288,10.2391977425944
-0.117257517027507,0.22757361330436,10.2369072552531
-0.105396001944763,0.237361578645961,10.2392633918297
-0.11504123071547,0.220521185373675,10.2395756990525
-0.105454952194445,0.225310021133236,10.2372112143149
-0.109901232033649,0.224876514281559,10.2274851129827
-0.100678263898244,0.222874254295704,10.2349672758507
-0.115105668463517,0.227885983852421,10.2441785568136
-0.107846723146328,0.22289331387374,10.2372358801136
-0.095887868386914,0.23497685017122,10.2371125511199
-0.103167374526797,0.218161976080329,10.2374714072198
-0.10084004132296,0.22794348181857,10.2420495991822
-0.114587434260745,0.222338670718446,10.2250549790099
-0.110523659520655,0.220859075103131,10.2468935494901
-0.100431487902788,0.232247772363663,10.2298659153581
-0.120115425540044,0.235486595335041,10.2559130695037
-0.114884940789118,0.234868313842279,10.2391484109969
-0.112532925373424,0.220355470310627,10.2348057461408
-0.108034548892103,0.225571353318506,10.244389418121
-0.122228884677048,0.225418238230134,10.244110124858
-0.114891794396683,0.227599132485756,10.2369538041303
-0.105481000515504,0.222918833055135,10.2372824289908
-0.108015354178609,0.220693360040083,10.2421235965784
-0.109953328675766,0.220094138125357,10.2276275423346
-0.114891794396683,0.227599132485756,10.2369538041303
-0.110497611199597,0.223250263181231,10.2468223348142
-0.11277833525968,0.237667489590662,10.248756748776
-0.110050668352436,0.217798567169478,10.230107007905
-0.117490585807835,0.232738457949449,10.246397829479
-0.108034548892103,0.225571353318506,10.244389418121
-0.107872771467387,0.220502125795639,10.2373070947895
-0.103037132921504,0.230117916470832,10.2371153338402
-0.107846723146328,0.22289331387374,10.2372358801136
-0.110017766423813,0.227458936604103,10.2322304000957
-0.112240906343415,0.227242183178264,10.2273673494297
-0.117276711741001,0.232451606582783,10.2391730767957
-0.112739945832692,0.227911503033816,10.2442251056908
-0.103096083171186,0.218066358958107,10.2350631563254
-0.113148499252865,0.223607212488723,10.2564087895148
-0.114723163364402,0.229799086319413,10.2320660876654
-0.1126110703366,0.213181906076325,10.2350193901685
-0.103043986529069,0.222848735114309,10.2349207269735
-0.107839869538763,0.230162495230264,10.2394304869803
-0.108222374637877,0.228249392763271,10.2515429561284
-0.121820331256875,0.229722528775227,10.2319264410339
-0.107937209215433,0.227866924274385,10.2419099525507
-0.107794626504211,0.227675690029941,10.2370934507618
-0.104048919115189,0.216918193468888,10.2664416326291
-0.117380905025236,0.222886854270381,10.2394579354994
-0.110141154421541,0.222772177570123,10.234781080342
-0.105552291871115,0.223014450177357,10.2396906798852
-0.114989134073353,0.225303561529877,10.2394332697006
-0.108391005670158,0.226049438929614,10.2564306725933
-0.112870187437986,0.215955562643312,10.2445811790704
-0.112811237188303,0.228007120156038,10.2466333565852
-0.112668654477081,0.227815885911594,10.2418168547963
-0.10544809858688,0.23257920248976,10.2394058211816
-0.105286321162164,0.227509974966893,10.2323234978501
-0.11774970290922,0.235512114516436,10.2559596183809
-0.11269470279814,0.225424697833494,10.2418880694722
-0.109946475068202,0.227363319481881,10.2298221492013
-0.110257688811705,0.225354599892667,10.239526367455
-0.122164446929001,0.218053439751389,10.2395072670969
-0.115157765105634,0.223103607696219,10.2443209861654
-0.105402855552328,0.230092397289437,10.237068784963
-0.10546180580201,0.218040839776712,10.2350166074482
-0.105435757480951,0.220432027854813,10.2349453927723
-0.105714069295831,0.228083677700223,10.2467730032167
-0.100989477641748,0.22086553470649,10.2446714941044
-0.11269470279814,0.225424697833494,10.2418880694722
-0.110438660949914,0.235301820693956,10.2488745123291
-0.112623411442529,0.225329080711272,10.2394798185778
-0.109927280354708,0.222485326203458,10.2275563276587
-0.117069691281733,0.224895573859595,10.2297537172457
-0.105513902444127,0.213258463620511,10.2351590368
-0.10828132488756,0.216197835250546,10.2494907786136
-0.105694874582337,0.2232056844218,10.2445071816741
-0.108060597213161,0.223180165240405,10.244460632797
-0.108300519601053,0.221075828528969,10.2517566001562
-0.126661457301122,0.239523094091505,10.2387732372592
-0.110737533587489,0.221145926469796,10.2541183021735
-0.117361710311742,0.218008860991958,10.2371921139568
-0.107879625074952,0.213232944439115,10.2351124879229
-0.107865917859822,0.227771307152163,10.2395017016562
-0.103134472598174,0.227822345514953,10.2395947994106
-0.117782604837844,0.225851745081811,10.2538362261901
-0.119584850231344,0.217792107566119,10.2323290632907
-0.103082375956056,0.232604721671155,10.2394523700587
-0.110141154421541,0.222772177570123,10.234781080342
-0.107652043792988,0.227484455785498,10.2322769489729
-0.110594950876266,0.220954692225352,10.2493018003846
-0.100678263898244,0.222874254295704,10.2349672758507
-0.115105668463517,0.227885983852421,10.2441785568136
-0.114930183823671,0.237355119042602,10.2414854472155
-0.108008500571044,0.227962541396606,10.2443182034451
-0.117140982637344,0.224991190981816,10.2321619681401
-0.117238322314014,0.222695620025937,10.2346414337105
-0.10810035274935,0.206250614449257,10.2401426337395
-0.105474146907939,0.230188014411659,10.2394770358575
-0.11766607044768,0.223269322759267,10.2490909390771
-0.121995815896721,0.220253393585046,10.2346195506321
-0.110302931846257,0.227841405092989,10.2418634036735
-0.108034548892103,0.225571353318506,10.244389418121
-0.102863014390859,0.212901514313019,10.2255725820994
-0.108203179924384,0.223371399484848,10.2492771345858
-0.112908576864973,0.225711549200158,10.2491128221556
-0.10997252338926,0.22497213140378,10.2298933638772
-0.110420832345622,0.203738290067539,10.2377590486438
-0.108105840247714,0.225666970440727,10.2467976690155
-0.117646875734186,0.218391329480844,10.2468251175345
-0.107911160894374,0.230258112352485,10.2418387378747
-0.108079791926655,0.228058158518828,10.2467264543396
-0.110328980167316,0.225450217014889,10.2419346183494
-0.10798930585755,0.223084548118183,10.2420523819025
-0.114937037431236,0.230085937686078,10.2392908403488
-0.115086473750023,0.223007990573998,10.241912735271
-0.102946646852399,0.225144306070188,10.2324412614032
-0.105454952194445,0.225310021133236,10.2372112143149
-0.122112350286884,0.22283581590759,10.239364837745
-0.112824944403433,0.21346875744299,10.2422441428518
-0.112668654477081,0.227815885911594,10.2418168547963
-0.113031964862702,0.221024790166179,10.2516635024019
-0.112461634017813,0.220259853188405,10.2323974952463
-0.112623411442529,0.225329080711272,10.2394798185778
-0.109998571710319,0.22258094332568,10.2299645785531
-0.112818090795868,0.220737938799514,10.2444387497185
-0.119720579335001,0.225252523167086,10.2393401719463
-0.110238494098211,0.220476606614244,10.2372605459124
-0.108034548892103,0.225571353318506,10.244389418121
-0.105286321162164,0.227509974966893,10.2323234978501
-0.110504464807162,0.215981081824708,10.2446277279475
-0.112526071765859,0.227624651667151,10.2370003530074
-0.110381076809433,0.220667840858687,10.2420770477013
-0.105578340192174,0.220623262099256,10.2397618945612
-0.117095739602791,0.222504385781494,10.2298249319216
-0.109927280354708,0.222485326203458,10.2275563276587
-0.107872771467387,0.220502125795639,10.2373070947895
-0.114730016971967,0.222529904962889,10.2298714807988
-0.110036961137306,0.232336929882526,10.2344962216383
-0.105402855552328,0.230092397289437,10.237068784963
-0.105714069295831,0.228083677700223,10.2467730032167
-0.110309785453822,0.220572223736466,10.2396687968068
-0.11269470279814,0.225424697833494,10.2418880694722
-0.117309613669625,0.222791237148159,10.2370496846049
-0.107898819788445,0.218110937717539,10.2373783094655
-0.110257688811705,0.225354599892667,10.239526367455
-0.115112522071081,0.220616802495897,10.2419839499469
-0.11531954253035,0.228172835219086,10.2514033094969
-0.11992759979427,0.232808555890275,10.2487595314963
-0.115053571821399,0.232668360008622,10.2440361274617
-0.110283737132763,0.222963411814566,10.2395975821309
-0.114794454720013,0.229894703441635,10.2344743385599
-0.110828019656594,0.22611953687044,10.2587923746105
-0.115060425428964,0.225399178652098,10.2418415205951
-0.105844310901124,0.21612773730972,10.2471290765963
-0.119734286550131,0.210714160454039,10.2349509582129
-0.119915258688341,0.220661381255328,10.244299103087
-0.112305344091461,0.23460698165701,10.2319702071908
-0.117452196380847,0.222982471392602,10.2418661863938
-0.11259736312147,0.227720268789373,10.2394086039019
-0.115008328786847,0.2301815548083,10.2416990912432
-0.115112522071081,0.220616802495897,10.2419839499469
-0.117640022126622,0.225660510837368,10.2490197244012
-0.11025083520414,0.232623781249191,10.2417209743216
-0.110017766423813,0.227458936604103,10.2322304000957
-0.115105668463517,0.227885983852421,10.2441785568136
-0.115183813426693,0.220712419618119,10.2443922008414
-0.110082204171859,0.234823735082848,10.2368332578568
-0.11259736312147,0.227720268789373,10.2394086039019
-0.112637118657659,0.210790717998224,10.2350906048444
-0.110309785453822,0.220572223736466,10.2396687968068
-0.119577996623779,0.225061288922643,10.2345236701574
-0.100956575713124,0.230525904141114,10.2467948862952
-0.106077379681451,0.221292581954808,10.2566196508223
-0.122112350286884,0.22283581590759,10.239364837745
-0.112520584267495,0.20820829567568,10.2303453177315
-0.119558801910285,0.22018329564422,10.2322578486148
-0.117620827413128,0.220782517558945,10.2467539028586
-0.107865917859822,0.227771307152163,10.2395017016562
-0.114963085752294,0.227694749607977,10.2393620550247
-0.112941478793597,0.216051179765534,10.2469894299648
-0.117283565348566,0.22518242522626,10.236978469929
-0.0986498033319821,0.218499865809784,10.2447892576575
-0.1077233351486,0.22758007290772,10.2346851998673
-0.11269470279814,0.225424697833494,10.2418880694722
-0.112506877052365,0.222746658388728,10.2347345314648
-0.117497439415399,0.225469276592925,10.2442032226123
