12.3445332746618,13.4296915448142,4.24210384299134
12.3445332746618,13.4296915448142,4.24210384299134
11.3746136390835,8.35959528596458,3.75177307061212
12.9537823607126,16.3130799947239,5.29806390588806
11.4565075888611,8.68202970169012,3.86248458101081
11.6966450565488,10.1523083542085,3.77132902981887
14.1546255073717,21.8230246640394,6.9327668331961
12.1569762851766,11.6713416652783,4.5751071153429
12.4893352430936,14.0233449059345,5.06735922925352
13.1126535478798,16.6201889934958,5.6266158518084
10.5495012825556,5.40566672253491,1.86201327867901
13.429707241192,17.9602187542619,6.30686525176328
11.9778509184677,11.0531957863762,4.47936088274539
12.0857562163147,11.8618898547603,4.42652302672846
13.3730307410317,18.1850070069348,6.09564501660931
11.8502661329525,11.2473628201813,3.64614758547102
11.9370569280848,11.2001382652111,4.19217609363061
12.0952421234228,11.9769379505315,4.7725740380312
11.7553946284301,10.3875961951075,3.82152844315635
7.5547257418512,-10.0030811394728,-0.500337494639012
12.0649209919577,12.4312834525873,3.77985948649979
11.494246866332,9.40517053613312,3.1375865598454
12.3190444475595,13.4441747816786,4.56225440186357
12.4306703150837,13.8166246814666,4.89544237317532
12.5159071637439,14.137325671445,4.90612417316354
12.4404687789782,13.7806349809116,4.80387648331951
12.4735078960162,14.050439498803,4.8063666475645
12.376697311849,13.5459019973641,4.69384465435086
12.3846913601299,13.6061455278139,4.6965769472593
12.2646933028512,12.9300460313092,4.5486095060074
12.4255773900081,13.7937085452255,4.71702105835281
12.3448158474134,13.3833122951374,4.64487529506189
12.2914496050924,13.1052525922206,4.56369352692974
12.3054158940517,13.2261484716265,4.59588112260701
12.4044734427893,13.6655235341284,4.72555631690739
12.3215165690975,13.3142587223107,4.62328381389746
12.2789701659289,13.0848875187391,4.5387479422385
12.3023649462125,13.302457123162,4.55809130809511
12.2733694443797,13.0318349682582,4.50215512412932
12.3747271377195,13.5402798152037,4.707594125579
12.3305820795507,13.3128862279468,4.62967020980783
12.3103158992784,13.2782852333726,4.58589025002651
12.3404422617353,13.3206823298666,4.60880803640526
12.3177404327956,13.2646065471079,4.65974732319504
12.4018017790579,13.5888539512096,4.65693002509844
12.3206702638929,13.3111211266936,4.66350592184267
12.2799907679074,13.0994341066156,4.5911676562201
12.3627733448253,13.4392899261738,4.60079833730323
12.2972060003405,13.2103437527253,4.59715780148953
12.0870338430248,12.2426657400249,4.25695870187751
12.3160191144946,13.2491441704966,4.56074391852375
12.3444959617574,13.3696814959956,4.63903927176997
12.2332272260392,12.9296031598206,4.50322805470253
12.2731011921969,13.0121731684498,4.48334556220514
12.3013105605564,13.1831803061641,4.57862342587457
12.2731535989495,13.0762737798068,4.50616409592028
12.2331748192866,12.8655025484636,4.48040952098739
12.292823103125,13.1680285963367,4.5132053600948
12.0461994466199,12.0490717219467,4.22354105215174
12.2997119055561,13.1851579224788,4.58523538176236
12.2825389950587,13.0885320845847,4.51838651512257
12.141627221217,12.5111480281518,4.33866602946221
12.3039290442558,13.1256176657022,4.58863911162097
12.3524900100384,13.4299250264455,4.6417715646784
12.0237981069817,11.9771247440705,4.14875392440984
12.2334947049425,12.8791333476053,4.48624554427931
12.2271517184145,12.8810128121978,4.49971982919822
12.0972756291555,12.3078784435613,4.3126362682201
12.1509322759611,12.5202501482192,4.18441436673507
12.1507350536059,12.5240593420034,4.28419370400222
11.9845716771145,11.7612383007954,4.15660950153436
12.1477535890355,12.4835757630843,4.29340864398686
12.1103847548139,12.305688312185,4.26557664440968
11.9060206262195,11.4370704593227,3.94586828072519
12.0152166941414,11.9537202266942,4.15716811863269
12.10255491849,12.2070369708531,4.27180891834255
11.9980430103646,11.7869627767764,4.0545271796455
12.0283351313374,11.9312152864356,4.15799367756037
12.088260978896,12.233088325235,4.25748426133006
11.9546518485503,11.6947172016349,4.08179756062656
12.0960900419406,12.2616080545432,4.21545991504979
12.1012575260706,12.2632750040741,4.18848653204607
12.0635272575368,12.127604557841,4.25146930289473
12.0817844709709,12.0975793817363,4.04587385825699
11.8743126852785,11.2157581373317,3.95374867101562
11.9425458444296,11.355699237931,4.24262287861362
11.7039958042911,10.2300104666776,4.08637287316103
11.8350796330668,10.7640654262649,4.1424195557681
11.7431942995457,10.5068413365994,3.93486174782221
11.8869935825489,11.1164561644025,4.17919955350056
11.7914532294679,10.6867566684128,4.04213647071651
11.6566585119073,10.1021151557946,3.7692734168427
11.7294776396942,10.4462368747663,3.82571334859292
11.7198950212298,10.4377877637727,3.91327026665778
11.7660711985388,10.6444577236412,4.01235635530665
11.7760338743903,10.5700602122041,3.92975503229214
11.7367480460713,10.520782802525,3.97428311000565
11.8030576555349,10.6947969609003,3.92785654279126
11.7821711003051,10.6624363623017,4.00396697424969
11.7629763822051,10.5662193429138,3.9638411174703
11.7810988648534,10.6539207750918,3.96452079890035
11.7935258972643,10.6101852372164,3.96664784987645
11.8434782108751,10.8665073722877,4.02927042922774
11.7481451649662,10.4828154856553,3.87610526426204
12.039713996512,11.4673616745855,4.08536973966439
11.4316869383622,9.34074691930728,3.66395437397374
11.8774897588909,10.970900014072,4.36164640880005
11.6326759309552,10.2466311928426,4.22822842452457
11.1775843589192,8.35635152417514,3.67318220085939
11.4452634544722,9.02815670525758,3.72883339283899
12.0613700102383,10.4518200662746,3.685435995614
11.4162280172963,9.09491486255643,3.25265598755476
11.3943658712167,8.80617040762314,3.44418847402728
11.4524663602486,9.0345114591208,3.43483065804281
11.0893948525194,7.28372927183616,2.88106711625572
11.667552474005,10.454801096827,4.02767650189685
12.2573867929582,12.5403750383582,4.36561535931352
11.0585068287292,7.26676219615623,2.77665399508146
11.2531706845898,8.06376470449597,3.41438062367999
12.5288288146939,13.7933832965733,4.53957718295118
11.4372857439978,9.72005215848565,3.50763877406428
11.7280214804582,10.1699098498689,3.60235121645621
11.643976068078,10.0611539046766,3.47223838966295
11.76240807683,10.2371821098255,3.60360608367061
12.9931757239144,15.3725433972773,5.14625370054012
11.2978246842517,9.78996799595052,3.68235559953957
12.4584899427784,12.6922515725595,4.64179197460196
12.6900234413994,13.6878279810003,4.87279605015067
11.5041333054468,10.7942780093434,4.54051132055486
11.8966331806879,11.4685262745476,4.91768976296629
10.1055935420538,4.84825649385682,2.79321420201977
11.1988241473733,8.83231977943429,3.99710784733901
12.6884097569201,11.9619267284449,3.69641467268317
11.4353035345681,8.98770242436811,3.45165904648853
12.1313240861511,11.9356336093957,4.33360901999021
11.0697156674516,7.67880517693327,2.70481639601927
11.8309786020778,10.7465086925233,3.83697033436549
11.4467274454412,9.28517498157287,3.34002040328798
11.6986358364213,9.9323175142543,3.45778218235456
12.0813636382068,12.3064054199987,4.17336112927181
12.0197591636375,11.5368379000589,4.0353326927843
11.6501886263266,10.2024124800877,3.37684770614168
11.4093684981586,10.598354071452,5.33605734911987
12.760092413249,13.4846019592979,5.47552018591216
10.6656719072296,6.43352328492445,2.56236172661535
12.4436319013767,13.1353019943922,4.9491366042814
11.8462476618425,10.2989243853604,4.40988129707134
10.5649749602994,5.26021110140316,2.19012166883717
12.042622884696,11.3441110358647,3.88598175579361
11.1396554549802,8.36676561637374,2.58740784481837
11.3798452948507,8.89798144273589,2.72592730164182
12.3282447901226,14.4695084008926,3.56703303767488
10.7344887326216,7.47166931853996,1.27732029158274
19.3685386322639,25.7320692169476,4.00300096835925
-15.0365588841688,-52.5666982567839,-0.502869082559545
7.18310028505187,10.415487980103,5.69608004312508
5.22302406600906,-6.08019443473094,-0.555775963223173
15.5448670886791,21.65172489323,2.50743515619237
15.513132211697,15.5282295377483,-0.263885727399441
10.9575068407343,-10.3774952535253,-7.72065055841786
0.754005224386987,-42.6912083704397,-13.3136877067491
9.44512611640895,-16.5107894933596,-6.63882434172145
2.45030410708824,-26.8022510891595,-5.72821043226729
3.33936505499167,-19.845647876544,-4.2345023962737
3.55488676296055,-15.2953567736246,-3.50280739743428
-3.16721576445726,-44.129269929478,-10.2238885069864
-6.38674432500151,-45.679485190763,-11.0687611155542
-3.1705382541025,-38.8708164255346,-11.5792628176372
-2.03906409929476,-30.3586405296134,-10.5685856709181
-4.95226321192843,-36.7847961387369,-12.2264883698653
-1.14346370863173,-17.8826848153609,-8.69963369606641
-2.15103231793106,-35.3357908241053,-15.3588112578364
0.680625956566742,-19.745712589346,-11.3608156162352
1.62038146773534,-21.6020390288122,-14.1736929169807
-2.48707951864906,-39.2508289879576,-24.4171337466433
-4.93069488578699,-42.6304307553165,-24.0966130259162
0.63438451880169,-27.1007103527871,-15.3509994262515
6.41028368172523,-6.2433075438664,-13.406812894637
-8.28025937727367,-46.7247176302825,-22.7436399004254
-13.1771354635722,-60.6284317530849,-20.6735420096054
-10.2529937125912,-51.9885514923165,-19.9155671619574
-12.4816920951778,-60.17952721134,-20.8416273501792
-11.7443040971281,-53.3935419439246,-16.3582819861461
-13.1088818369574,-64.726757424653,-19.8570392810425
-6.47788995876902,-52.9132120128496,-13.4310916808783
-10.9224072293979,-47.301128158456,-11.2233693546501
-16.6259023933092,-70.8306259417961,-19.2634596810932
-21.6596147440791,-87.2975424027542,-21.6940961994049
-19.9175907218795,-75.6635384765105,-25.5818173958675
-18.6600731624506,-71.0268631960627,-25.9903186150715
-15.9357762536258,-56.7621117034213,-22.4285089143164
-15.8816185089864,-64.356909499379,-22.6283206896778
-16.991900530538,-65.6077907666742,-19.948856532778
-16.551861867851,-62.0570932088056,-19.0861665994243
-20.7287897316083,-83.7319094093439,-19.6586005128417
-28.2727679747576,-123.038651185938,-19.6451035431867
-34.2928977392427,-149.303012208027,-19.908436691282
-38.5190128144358,-165.299471285214,-15.8462712103097
-34.9064725132946,-137.473730780647,-10.2536505859628
-33.7557989291855,-124.57316372749,-9.22704488584985
-34.8400485902554,-116.944584114125,-13.2880563428756
-33.4413891468269,-100.480960197235,-14.9451534889595
-32.4716258199476,-91.5203804103805,-15.3149121425793
-29.8685114759791,-72.6095114349775,-14.1736888548622
-26.792019545493,-54.1039150598166,-17.093750981258
-25.7435894341333,-48.1598636906206,-18.0256646011974
-23.8613753976393,-39.4396152088404,-17.9175014048973
-19.3347693911684,-25.9534949766363,-24.1877328590884
-17.9827420482824,-27.5072390226072,-33.3619226433789
-13.8347770129665,-29.3954416602951,-39.381215753197
-5.37277164444643,0.626485832567155,-30.6810116175095
-3.10688095348009,4.63377330529866,-34.6920844935121
-2.24171085339148,6.77104229494793,-30.7949274368946
-2.29915757238846,15.1228633239073,-26.5737388298722
-4.31617233404591,11.8268270302493,-24.6552960617865
-6.63314783520394,15.8320344883439,-19.0762628225591
-13.4128290459031,0.637021768127632,-17.7600414775849
-17.4992929638435,-9.267882129381,-19.1022886870167
-25.0781841929178,-22.2096285115845,-20.0426282549216
-34.5062354512614,-43.7105679668646,-22.3487831706043
-40.4518651790787,-69.6449132089684,-25.6482306002988
-51.9103022726974,-131.778815128202,-30.7751923347333
-55.1008680918455,-151.800441983714,-28.6662720906367
-57.9889406708049,-173.330725446839,-31.3989321796908
-52.3931815328778,-194.932941600437,-21.0599629093254
-46.0136655253292,-188.928220038763,-19.2820935099944
-44.0114770602645,-179.756484383426,-16.0124851879172
-50.8799086712674,-203.747406862505,-23.964959241399
-49.3124746147982,-183.804713218579,-15.83088488896
-49.6185867994581,-175.385371845578,-13.4238008839537
-48.906053822357,-143.516233563387,-18.7244504999692
-48.8017342165941,-128.740112049926,-22.7685239083407
-48.7653609354372,-122.899261436565,-24.033763209722
-46.6230299510065,-105.772290711491,-24.9470746926036
-39.5131522415321,-69.2125813853037,-19.1583856938872
-36.1911290897852,-53.1863347200692,-15.0728414198711
-39.1453309734721,-74.6709679153822,-26.3322620194715
-32.6869616550524,-49.1433027234727,-24.4155900370562
-30.5801527921594,-48.7507190068835,-30.5300840812339
-13.2097261208659,2.40025057584734,-32.2406259897162
-10.0715755423371,5.89929491816454,-31.5827613400631
-9.94888890896847,-11.8400069570778,-38.8033106928833
-1.97027626286244,8.89097500782928,-33.5396474499553
-2.72982499962513,9.51702012646714,-32.986828207603
-3.4453439305714,19.6732764913309,-28.287582832257
-9.16391304721953,17.2455899450292,-26.233178874813
-12.1608348509365,17.8999888632767,-24.8192326044258
-23.4259310769696,-5.2572554662471,-22.1058607622797
-33.2999682592638,-32.9154710877087,-19.7647396710336
-33.4673430058231,-34.7389252614253,-18.6419707640816
-45.2301659720937,-97.4980694437299,-25.2459091944925
-47.4822313721876,-113.159402153384,-21.7428132825761
-44.6967409072045,-101.017199896286,-16.6227650366013
-54.5470975558105,-154.984119462451,-27.8507355966872
-54.9893567630257,-188.68148257991,-28.5978701080177
-53.6336061582307,-197.455669187135,-27.345648935776
-51.3330955573073,-208.612190671103,-25.9282780707749
-52.8945082203861,-224.401187036981,-32.2451484489657
-49.9228672099794,-212.321797827893,-28.0621107752606
-47.9472405308539,-193.196742925333,-20.4353058032459
-52.8741670595884,-190.040193281591,-22.0742883873877
-53.8228890438729,-180.307499952436,-22.3403011077656
-52.249373046425,-142.785794686078,-21.3812107303116
-50.6626047876203,-128.688608208979,-25.4105126492898
-49.1908812676863,-121.015722809232,-24.3497547140719
-41.7049144936405,-82.3640101142677,-18.461629480065
-39.0489779812025,-66.3601343309513,-19.3680994875615
-41.8383864740639,-77.3132287442295,-26.0726708163837
-41.0645477247159,-70.6860540176828,-28.9479215166171
-28.6847765783538,-30.233742685767,-35.2502510423865
-19.8489495910851,-21.7212360824278,-40.3344345180776
-17.2945567335301,-32.5381004350121,-44.1409317045581
-4.3219643736977,8.97634879494123,-32.6373690194152
-4.70493034946259,2.02720049256237,-35.5317681489086
-5.49796796921131,8.61633901835521,-32.3620616223329
-4.32348160583308,32.9295354802605,-22.174499531249
-9.61677566301844,21.5754374237211,-24.7481885522359
-20.0452696042523,2.04975963034298,-23.9195081269838
-33.5414471305558,-36.0097185360114,-25.6560923359504
-39.1940338487042,-61.6842755598625,-26.5761821124601
-44.2844473185818,-91.7003586909151,-25.6982672524685
-49.2050214505078,-118.435354384134,-27.8306778789316
-52.2557297811591,-134.678415506356,-29.5873992117056
-56.5384429463854,-159.134997229541,-30.0820291150388
-42.0140846015342,-118.87969969936,-13.9249879673104
-44.2884228500083,-144.998273919639,-18.5468999841546
-50.5269716828166,-201.440702751277,-24.490812300944
-49.5560558625717,-205.665123611603,-25.2895170154676
-48.4244672205223,-203.106749986632,-24.5882829786479
-47.9858346969112,-200.119942962722,-23.4450367010269
-50.3181372120642,-194.328685889687,-20.8058866914696
-50.8039985696913,-185.025128916134,-22.2913323222443
-50.7057295062538,-154.885143359059,-22.290328884873
-49.4843335862106,-129.792236227926,-22.9047591495427
-48.7031792109249,-119.489397988995,-23.43417561889
-46.4754992402298,-105.478971637119,-24.1972417321637
-42.4395493368038,-83.8713811427377,-22.0284684912969
-38.2265544316766,-63.4432517929761,-16.9826760484877
-45.6382598373695,-96.5197756258286,-29.6016164022888
-33.4285119098755,-32.3100862672085,-34.7425876809058
-25.0057149800762,-36.3832200920073,-44.8417781952765
-26.1934214874452,-61.7654591135362,-41.15133559369
-3.09990449290404,18.4250565182229,-28.9598405447105
-5.74113424776079,-1.87730055277463,-36.8560499302564
-5.47221032746392,2.98363674955917,-34.8317964585417
-4.59697900888133,16.5246269671893,-29.2392651243428
-11.0091603982101,7.45860520963026,-30.2988165633161
-19.5015930575059,-7.41515122155956,-26.3133605377395
-25.747431003185,-25.0078255276259,-27.6546332282151
-35.857580728804,-52.0617513332064,-28.0536583575221
-44.6414426809415,-89.2629059432586,-31.5769012695002
-45.0647756199213,-92.2937379088333,-30.8047847006732
-54.6592995217561,-142.539884321211,-37.4262349598571
-52.7488239751417,-138.501656771738,-28.30494763469
-50.7982292713028,-130.276466252489,-24.3564828539985
-49.1472061812375,-148.848037898067,-18.0748961455332
-38.083602273392,-139.925944859721,-6.8794325508144
-42.514505632601,-171.27408623413,-13.1213079339815
-52.8289816190936,-224.908155600867,-32.4906847325176
-47.7552914170797,-202.437039345397,-24.5418993159264
-48.5258218207445,-203.334668385483,-24.6505536907079
-53.2119701478502,-209.687952751264,-25.7019106956768
-52.7195095641363,-175.942236202773,-19.8796854452681
-52.2040044972475,-154.858036599243,-21.2320242908222
-51.1668128557911,-133.594562517006,-22.7959870680814
-46.0479635498734,-102.582908163183,-24.7614403015474
-43.4974341272782,-89.2870907332149,-22.9212105242493
-42.0064701048361,-81.6896939705145,-21.616692890909
-35.942275545226,-51.9516474428046,-14.7902101316227
-40.197146828772,-70.2564102164353,-22.9283961805297
-43.1322659177476,-82.8105367667362,-28.6377438239526
-30.1520857704304,-34.9320576109144,-39.2963264458613
-22.0134933166972,-24.7465203733685,-40.85966904493
-19.7103885134923,-43.122072045476,-41.7759268033984
-4.66585595218935,8.57496545809298,-32.6861970227313
-4.33843566585486,5.50319374514201,-34.148320864741
-3.38642615159778,16.7732379688026,-29.5759372320642
-4.12002627401278,33.6810983230073,-21.9210648484199
-7.86427370647482,27.3952782822617,-23.22747908201
-18.3017499297258,6.17675835364698,-23.9502021706965
-27.129122577069,-5.05371728818667,-21.516612059626
-33.8029882543286,-31.9270066204486,-24.8705934059333
-39.7440806613328,-66.2862450613113,-24.7047287365347
-42.8782330553936,-85.3123462036994,-23.4511299055623
-42.5393977921999,-85.1136994632657,-21.1566021205161
-51.1308906008779,-129.107156399823,-28.3933349919755
-57.5514754077913,-162.051834688588,-33.7131642357064
-56.8157704131685,-161.495397390418,-28.9159786733815
-51.8162282371219,-174.953562617967,-20.8018037801038
-53.3516642904656,-205.083234494609,-23.6392726920382
-49.8518622599277,-199.794609924712,-22.6165822474535
-49.5963131079726,-202.497796833232,-23.8912796656872
-49.8331026154669,-192.132994351829,-19.2770295676049
-49.9622222383756,-181.919294809644,-16.9046867552197
-51.3428116995213,-158.5427425262,-20.7587229804472
-50.1103798552919,-128.288499235358,-23.0032748516669
-46.8895300484915,-109.671551696507,-21.8357923629366
-44.159890856912,-93.401675834131,-22.5345038156757
-41.0525814251888,-77.5735546742433,-19.8084834625379
-36.9246376096637,-56.3743135292251,-16.4122223505266
-33.082042337027,-37.1821014681688,-13.1374588850955
-37.4774322089872,-65.83423487902,-25.3358486188993
-38.6360131121414,-73.765945166011,-30.7736027655537
-30.4224517747815,-46.8465388689076,-43.1573095968743
-12.4601405757576,-5.11668186870403,-35.7995934648475
-16.1764245643433,-27.387248651365,-44.041374765011
-1.2827203243589,23.4085385285632,-27.4515368320728
-5.32559875336952,11.8702948266802,-31.004193739466
-5.04270231752479,19.9704337514856,-25.2481845990548
-11.0947853568716,10.7863247095154,-20.3150547349627
-19.3224214346969,-8.46681996197105,-23.4174272782272
-21.9802521704311,-12.2766345802495,-23.4691918383678
-30.8881135841455,-35.8118332661561,-21.1274321273315
-37.9944768660004,-58.6406861269005,-21.5134464244126
-38.6892791561276,-64.079152318228,-19.6393463613279
-47.1904118698646,-107.438272434794,-27.0244205124511
-48.0162726765937,-113.074347651334,-25.8798882338562
-51.5337559014784,-132.223054417234,-27.3769331655735
-54.6950084012828,-160.620065789461,-31.9866623832477
-52.0443769137193,-166.526011852681,-27.1249975456237
-51.4988309364862,-204.79873020796,-27.2771229500629
-45.2325200767384,-192.988880191613,-21.3430330521004
-45.8197463339793,-195.577211817168,-22.2575774376107
-48.5465080283169,-203.952205882937,-24.9126739925578
-48.9219362798875,-183.636190243944,-19.8432844675012
-49.935072833962,-175.562021053953,-21.8472091567376
-50.3541623876699,-153.406560301068,-24.0597732197624
-47.2530720411622,-115.433543611887,-19.5488645016403
-47.1347258842979,-110.989884644122,-21.9602178859808
-47.6479445702782,-109.982217460159,-27.146815836246
-44.3350782629677,-92.1842156971358,-25.4472105943198
-38.0159908214439,-61.6192858940782,-17.7805365468309
-40.1625629097338,-66.8724886564077,-27.0928148308929
-37.0611055928398,-56.3840507697532,-33.4928460634346
-29.9632845675449,-35.5402037599748,-36.3340563916997
-8.34092442234316,20.2394128806192,-25.8990611292768
-17.0041203704976,-36.2698814213718,-33.3953089665645
-4.54464983508375,19.4835777112152,-27.4655620026029
0.284030446334276,33.6885878571187,-23.5376764892805
-1.46054051596013,33.4529539462695,-22.9937556161378
-1.01641939785004,45.214263474558,-17.9838656992262
-9.53923794721636,25.6385731697961,-23.2084115389658
-20.9253060447567,-0.614035179322819,-22.777812314117
-26.0867470220887,-18.5009611082636,-24.3781391192873
-37.5867803057454,-54.1128651707832,-25.6147568775232
-45.3732198980134,-95.706064066517,-28.6677073600885
-45.4987675130343,-99.2951896952797,-24.9206712510952
-47.719494172491,-112.356389273352,-24.5815035433659
-52.7217650318394,-139.417628576081,-26.9244050174949
-49.6930565414198,-129.249714133263,-23.1689615570141
-47.4604583061904,-142.355901509965,-19.9052275771545
-49.89875567356,-184.081656012608,-22.6508170789678
-48.0273962121673,-188.371973602916,-18.7215857353383
-47.5888944741009,-198.381841732862,-22.8318670503976
-46.8978109332781,-192.423727374133,-20.4836639202209
-47.7656485521166,-190.613751930466,-19.384215608754
-49.4177870064055,-175.314300501846,-22.2027638229663
-51.6817302660741,-160.607590921423,-24.714608667405
-52.7253836619799,-152.938167249059,-27.3330279519106
-50.2474526651049,-126.130909689674,-25.8805806453487
-46.9641610552832,-108.190621576642,-24.3349962631902
-45.9927583349818,-102.226219850126,-24.8117164755932
-39.5317915295912,-69.9178896199314,-18.3553216282871
-39.519864428364,-66.8318811111208,-22.3009592228649
-40.6057224050681,-68.9016752663754,-27.7800039211481
-32.79731231631,-38.0555860265905,-36.9631056790855
-13.1936254780047,3.35025497969744,-31.831603612995
-9.89293339762455,5.58075637069639,-28.9907947130035
-9.70695630060903,-13.7945348331584,-32.7023829913195
3.5143711180074,38.3162906788707,-22.7045522854525
-1.11252987890082,19.5754480959965,-29.1883590239371
-0.284296458813515,39.4603131087268,-20.6012469281711
-6.78617423467952,30.9581326646797,-20.1843743238269
-12.0020063540468,16.483304194583,-21.2805846641798
-22.0270894899057,-8.93593772826811,-19.521093490041
-32.0300061691102,-40.01901635942,-21.6626587716704
-35.2360204120545,-50.0637548090616,-22.5384005616408
-45.8241812950592,-97.8948464444632,-29.2050086281965
-50.2599951007273,-121.729163289614,-31.4975170652607
-49.2141673023261,-118.437138074481,-28.0035383567714
-48.9861848295354,-127.884418852582,-28.3591541423303
-49.0816669756801,-140.277852063035,-29.5317288638574
-52.1123215531277,-165.091256644013,-31.4683650725675
-54.3213375279737,-208.169110399365,-29.8886665415858
-47.7582275953352,-198.735136055342,-22.9238960661994
-45.3380339959518,-192.602236438165,-21.1353444538721
-42.692106678072,-177.906219614797,-15.6896092226559
-47.3050673141128,-177.999629389178,-20.9328195440848
-50.8939562533077,-181.362770940907,-27.2274754934133
-48.3576623154019,-142.279676204396,-24.7072462684535
-48.2897258719514,-133.281382435711,-25.8898613523126
-47.1931310445678,-118.094489544929,-26.8582720521882
-45.8730936510497,-106.881481978944,-26.1305206685547
-46.1929216040974,-107.184394659138,-29.2928861229545
-41.7371354898845,-86.7939145378618,-27.3612130414663
-39.320399319364,-79.1277896615427,-28.7511833141995
-39.3584821549503,-82.3354582836367,-31.8771998834505
-32.1798778901135,-52.8301618588736,-29.8813285061964
-17.5561373556873,-7.68766354763956,-35.0481613595808
5.16027224375104,72.9516701352845,-8.18184443120045
-4.32367338389736,11.8067805170399,-31.4004598956665
2.98818984101974,38.1972094660135,-22.5630268282683
-1.19906337888563,20.2430109044285,-28.8649514524436
-9.1559481332353,2.15050622121662,-31.1677924479436
-14.8587002570259,-2.78422644916354,-26.7569317361025
-20.3056334108744,-18.2733773387747,-28.0563720232385
-27.0426092777263,-30.0666623817296,-24.2792958859872
-35.969702324304,-54.7755300204376,-25.2863467724683
-37.0723512957776,-56.2491973810141,-22.9804874386414
-46.8456806071405,-103.228474407446,-29.9307976446009
-48.7153115695424,-116.448019092497,-26.8228397250018
-48.8315593103273,-120.957050185481,-25.6276479497914
-45.3779408612504,-125.817289589979,-21.9875116568179
-48.647927974799,-174.309838840473,-24.193825883913
-49.5507997227382,-195.676404463433,-25.5623837432845
-47.183899097076,-200.91931354793,-24.0891518899078
-47.6508926676101,-207.226084872123,-26.6720658676349
-45.6718447462293,-196.928943578329,-22.9023895954511
-49.9512419497903,-202.181798928759,-23.6227090529495
-51.9416382410825,-179.735849306692,-25.8631835119552
-50.7689006715057,-157.807432804362,-23.8324646715447
-48.8167062793291,-125.395457729385,-23.1752709517304
-50.8029571992824,-127.207130364192,-28.4271205568439
-49.6453974769064,-120.490379833422,-28.4630946442517
-42.7507419894413,-86.263820526493,-21.2458077554994
-47.4005510845495,-106.336595342749,-30.1554489027197
-46.5931328809578,-102.228823648084,-29.3342119325433
-42.7280447018925,-78.9560243780313,-32.1185167492424
-32.5701368815784,-40.862942649322,-40.6104179657776
-24.8424057008089,-36.9464412709822,-45.1478506290421
-5.98752999050126,17.5797284480824,-28.2669491739316
-2.83849184454194,17.0274509821583,-29.6664407184812
-0.92032694692651,22.8827509099693,-27.8144853100544
-5.99447998094478,12.7428266408913,-30.1964570658824
-8.57339695447924,29.8567084153973,-21.9534666267447
-14.0007026067908,26.8926464717618,-21.2518640173674
-29.1780838345685,-15.7877892064521,-29.1306092942301
-34.5054578499033,-35.7493079847372,-25.1464898735863
-38.9964968042509,-60.7890012306674,-26.2578000539899
-49.7373821452353,-118.067588805294,-32.3247827192063
-47.5200761361317,-110.760417328709,-25.1652385814989
-47.5537073909143,-111.696711074364,-24.1943823732349
-56.8023259824026,-164.19266673842,-35.274680289732
-49.8798833318754,-149.818363123989,-31.594036212619
-48.5790163311247,-152.225437424152,-27.6283131013059
-50.4513397682307,-198.598687899075,-22.4310251353263
-43.2007401748388,-184.535701968518,-18.3981616082287
-43.1479574306801,-183.870145192409,-18.1268729912282
-46.2320531502348,-186.0931532887,-17.9634620100019
-46.2428772978403,-164.78972556913,-15.3679013739386
-45.9477160585143,-150.662788641,-16.3806573725328
-47.1662071838924,-136.695567660153,-20.4566176530351
-48.7555923590239,-125.416275049968,-24.429799802641
-50.3243509419948,-126.832046896528,-27.5621031485285
-49.7942045704348,-120.41642637192,-29.6815795682008
-33.8178483780563,-43.0125661947842,-10.464865426524
-34.7510387836592,-44.4703088228154,-15.5934065859514
-39.2452067185802,-66.1175244499079,-30.4081402642623
-31.3993911601406,-50.1235700512634,-28.4082768171852
-32.6487750159358,-65.8841012972532,-31.772669588194
-23.203126214688,-44.2859732665705,-28.7597165554183
-21.7725762823991,-40.9895865471636,-32.6347217558742
-13.5294981675701,-18.0879469894466,-41.0718765872637
-9.3627079640773,-10.507270066642,-39.2933888107717
-7.6667644864549,-6.73104822532335,-38.2677998603557
-9.29117040824167,2.57047752920329,-33.6075818354225
-13.6820683022309,12.757233476992,-27.5431512765303
-19.3911491083181,0.920045221634112,-30.3245567489653
-30.9104149748876,-23.9260004866304,-25.06635670514
-35.5638428389384,-44.8174598005863,-21.2667320317406
-37.6456798347564,-56.6930813066274,-21.4309212615454
-42.4397229280656,-81.7779020353261,-24.7674036274245
-46.5969850551055,-104.432246348271,-26.4818524835662
-47.9530276290131,-112.829121464262,-25.7237982736504
-48.8436046042704,-122.749385249289,-23.4596260342052
-48.0944429661578,-144.566283572908,-25.1939119336459
-50.2130790930967,-165.447350413487,-28.0963024781336
-55.6232579517512,-216.888687176524,-33.1667484513385
-54.5958381850555,-226.691375158045,-32.6196839631151
-53.1079331875726,-225.709536876504,-32.7381104599069
-52.2257675227673,-215.304183689085,-28.5177182777442
-53.0184597493569,-188.739658698093,-22.2065487548068
-52.6279807784916,-164.469746192349,-20.4650293306527
-51.4043720777228,-134.177238300691,-23.8248574855163
-50.7700162734051,-126.829720801223,-28.6510827676571
-48.6279297792997,-115.432370118983,-27.4072739350224
-46.2445396266461,-102.547972389466,-26.2890067382329
-39.0535722532633,-65.0468972378626,-21.1200432755977
-40.0757585673121,-67.0558858728867,-26.1986165049343
-37.3668487130899,-52.4911263657168,-26.9275251362001
-25.8488086323385,-22.0129069183042,-33.2702732396082
-15.2182776446893,11.3006696073272,-27.6143090706521
-21.713388336342,-42.0201901865863,-36.9819197220178
-1.4683764741502,31.0694614024168,-24.0370992918457
1.06356760654153,38.2691616611241,-21.8236924039291
-1.02829761864349,27.3876254227558,-25.8071256206196
-4.88726024708446,24.7024546700502,-24.0383235369863
-8.77380048055347,17.1879981202456,-24.1519945346593
-16.053012545843,9.91879347315432,-22.7713404398889
-26.5960163297653,-6.32616999032673,-22.3149224807231
-32.8300419072052,-27.8073185325776,-22.9233592117571
-37.355166968623,-52.9301552335819,-24.1616506739068
-44.5756822810732,-93.1326933706098,-26.0206777731872
-45.4404014610127,-98.7910657672998,-25.1399199955215
-51.8108487326906,-131.206795229221,-30.7734916702724
-58.6833500552653,-167.104791343077,-35.6380451838715
-56.8259891056393,-160.29012627379,-30.5478861926804
-61.9383126114641,-208.168215836964,-30.0640412119903
-57.2105488435645,-214.983636795729,-26.5442265051804
-52.3418505560508,-202.69915564904,-22.9693766388156
-43.2022485468703,-169.291903235763,-11.7393958639794
-46.8653173561073,-167.43311622154,-9.93106699913
-50.8178270122671,-170.373732411611,-17.543196308146
-56.652550987067,-162.465267798263,-27.6709818926215
-50.2885761552817,-125.369498004006,-26.9312870735484
-46.9304922517502,-107.943372263609,-24.4045113074468
-37.3084183840553,-59.0099535966148,-15.8587327155076
-39.627642524558,-68.3467782362976,-21.1324209381732
-37.061245516942,-56.0232209084931,-17.9011569248127
-37.0180391060734,-55.5256852160077,-18.2260706561299
-42.2621674091666,-75.6521070888821,-31.8220535449671
-36.6221152078948,-55.6410252357677,-38.9749872108715
-10.2053610309689,18.9995580289117,-25.8167590404959
-16.1381415467929,-24.1854013436553,-39.6950169241756
-10.1355388020056,-3.71692151267887,-36.0432298238257
-3.77750207253716,15.5489555702559,-29.9668372513139
-3.86654228320151,17.0334667500766,-29.2856796470099
-5.90166217002141,19.0071497292242,-22.2826958302859
-9.26860881296431,27.1487217929447,-19.7431789550581
-14.2159641315283,19.0892970359987,-19.5550525902321
-23.5703379110261,3.94654903798602,-17.8056460925048
-34.0593120490459,-35.0110660426612,-22.7486302221452
-37.9288598717234,-56.0567617777737,-24.397773231798
-40.1349646373382,-72.0747709131026,-20.081781826387
-45.5742819356459,-101.805650910797,-22.2070230012597
-49.3416795450118,-121.258426032544,-25.1691605895802
-48.8058082529564,-126.133363465871,-24.6780991952628
-49.5421304177368,-149.127122802056,-25.5956874151671
-54.4180919818451,-186.852931966072,-29.7637670694286
-57.2462100532223,-222.441689958603,-29.7886502003549
-50.8113983499354,-202.279708705069,-23.3490948770318
-46.5968452673548,-186.065477934241,-17.8171975132514
-43.8991569024199,-162.169641003007,-8.37218859705614
-49.5955929106355,-162.298006208465,-20.2499625777334
-50.4919593090528,-154.088610939186,-22.8466716379534
-48.7372446444847,-121.832910953831,-21.1788688903241
-48.6223745395582,-115.81539710916,-26.8645145252014
-46.4271349593689,-104.351668989128,-25.3068144622776
-43.1632857808414,-86.8941420017547,-23.5314867153277
-37.6410421648801,-58.5296881765691,-18.9942436894773
-35.6403382307859,-47.0720627190911,-18.8950627076231
-37.9490271624787,-59.6892524897917,-27.3856837641134
-18.6974996514714,11.0659670943735,-26.0810580396036
-13.3805611704198,10.9566546569839,-28.4405101659356
-16.7414268934683,-24.0494699955109,-40.765708057864
0.0664969237964819,35.5043200167028,-22.6645857446207
-1.71762782933851,27.4426995178733,-25.5295235245655
-6.26370329456845,20.1045419020444,-26.6807243823399
-7.41824877220185,38.697634518094,-18.5167947868642
-13.296488434934,27.380455085681,-20.9159677677435
-26.5588141608478,-6.60280813331097,-21.2264789455674
-30.3191864714522,-16.8887578693445,-18.2522404023146
-34.8653429047153,-39.8000195918112,-22.5623851083027
-41.7937724788846,-77.2559720155987,-25.811224113242
-44.4478196959917,-94.0765678949282,-23.8224931384646
-49.3961466303651,-118.233730014192,-29.5351303339339
-51.8954707528581,-132.303196468036,-29.9776560484702
-52.5626087983153,-148.851147528782,-28.5180934630072
-53.6646540245212,-168.118821541197,-28.777951213214
-56.5656184565433,-207.792009679735,-28.7281880142875
-57.8444171719014,-227.345458284025,-31.7104958160825
-53.0953109943187,-212.107038381557,-26.8014319240005
-47.8766626319861,-180.159887726913,-14.7670068977725
-58.9855493910846,-200.521452271511,-20.694290888066
-61.8715950566603,-195.534827058575,-24.7047132408858
-57.216452315635,-166.428747448191,-25.4639503938165
-51.1999990079586,-130.686393571971,-26.8491497586967
-52.1674618181362,-131.96225276178,-32.4738996949011
-45.4663400656299,-95.6518634241158,-29.4405679252612
-39.5423901123834,-65.1680441026703,-24.6465550826778
-34.0777319614351,-37.9815590411351,-19.0029971790745
-44.0063195017602,-77.7056308335416,-41.9024093699171
-32.6546288904936,-26.8567745743096,-37.8674083699217
-15.4970189094323,13.4115048486397,-26.5898095345411
-10.1093105946101,-0.223908359626606,-34.527193074638
0.445579951761921,33.4462785534352,-23.7029332446099
0.43230268338027,34.8600067419071,-23.0805591785163
-3.31228116326653,34.8448394280161,-21.709865785817
-11.3798198427147,27.5887958570337,-21.9118016243801
-19.7689101622312,7.61047341158746,-26.3242053315393
-33.581852015274,-30.6248736725259,-26.4575668323708
-37.7296471263114,-51.5125916373302,-28.8383919500411
-38.7535642372645,-56.9784556182859,-29.4094834267456
-44.0134787396647,-84.1983555428525,-33.4658928511756
-46.8028213787956,-98.5439805001378,-35.7335816481732
-53.2445544710883,-134.625333413373,-37.1110311496874
-57.0069696824141,-158.418581252655,-34.3596063375441
-58.3795277805446,-168.4225531286,-31.6244657010622
-53.9898572577825,-163.312195026823,-23.4266740080793
-60.4805577529666,-218.926271087634,-27.0635347579566
-59.8227326547941,-223.886910333356,-29.4722094071402
-48.7108535030397,-180.602995631643,-14.6537194553132
-44.0247776871018,-155.38164250183,-5.36111034240616
-47.7803653289366,-161.116175329585,-8.60014820040074
-52.2737133681414,-147.264220771812,-19.6181982189656
-52.3345327799872,-137.449295373467,-26.5579942997258
-50.5697133072111,-126.457309278652,-27.6281062443258
-55.3206967899482,-146.439649561384,-37.3124598213857
-53.0880698202297,-132.803907120571,-38.3132427799566
-50.6353625748431,-119.439703391708,-37.2998699601704
-34.8404779140299,-41.8022987400444,-19.7565762923695
-43.9990036461193,-82.550220346628,-35.5120266333576
-43.3078368504593,-80.7023041800288,-38.7105482751799
-21.4513483596179,1.52029310022104,-29.2581636516286
-10.1937233370271,12.1470437131699,-29.0927403559758
-8.16870535383054,11.4703549783427,-30.133139751214
1.003906112584,38.4981865151808,-21.7017141020809
1.77518103669668,41.2750666825962,-20.7725112424236
0.449091444801411,40.7220802142748,-20.5262884706485
-5.9639405820375,34.3544611732227,-20.7010433804452
-15.7170090821365,18.3138747174278,-21.4418187864269
-21.6846847800959,5.59318027189092,-21.3198700917763
-36.2439597050236,-41.8944487066007,-30.5349080227363
-40.8823169861773,-69.2619361457961,-29.3939911518051
-41.9291990346999,-76.742751153222,-27.5032669694187
-47.469833317725,-107.249324698041,-29.3779138520752
-48.5952185487423,-114.266563885864,-28.6851974248985
-53.940398675462,-139.781595498139,-35.6138216564265
-58.2954026699681,-167.78726586071,-35.9859479415587
-59.1505788941813,-200.129368482119,-33.904548068639
-59.0946775837576,-214.420819521704,-32.2826303920141
-50.4037496095588,-192.563231563108,-19.2550561218311
-46.0838324822928,-186.639491709577,-18.256610531467
-46.3807532439287,-185.963142337107,-17.8519813300164
-45.1120240198408,-158.267357705178,-9.91114424356235
-48.8815018649206,-147.599481133773,-18.4271043907101
-49.8651332321891,-134.958796728813,-19.5928668669837
-52.6992115487421,-137.072897035884,-29.799324382564
-55.4689787746409,-147.265507008893,-37.3503104284808
-54.3754106005761,-140.623192797496,-37.7925920081272
-50.9964514370333,-120.783382473273,-38.264805660789
-33.6303004662884,-37.6309044438161,-16.0886003813862
-33.6775843438072,-36.1975962407632,-18.3193741851353
-42.4089329433354,-80.9888127737771,-40.22931391584
-19.0560050230284,9.81511015959943,-26.5316664086548
-5.411153245842,45.9670089838918,-16.0799077425332
-5.09347064016381,26.458760639772,-24.7021201461131
7.28456838953016,69.6431307108889,-10.4083039115679
7.38315198984084,68.4333112819407,-10.9729914231767
-2.80853942397904,28.3331946895728,-24.7393167710819
-8.26784975116472,39.8413036546044,-17.7047642292297
-15.7369025243501,25.4919888676713,-21.2250432310863
-32.045126196047,-19.3098251061215,-30.2646054457908
-36.0841354812073,-46.1343051221847,-23.466909606754
-37.927013974208,-56.3501120969339,-24.000246048549
-42.7050124965295,-82.6519050122104,-25.6243518660729
-43.8644555974041,-90.421017278846,-24.2051607393731
-46.6547090169899,-102.522688069902,-29.414117021793
-51.0416741415839,-125.862264475895,-32.091597165783
-45.2932202005144,-111.787368708571,-25.2460290694652
-47.5354256946229,-129.249103681742,-26.4753034179772
-55.7821187858749,-189.608201812092,-32.9372231398395
-58.3877558781144,-210.927104187555,-32.9671968469554
-58.410641363234,-225.343808907274,-30.6279458110342
-44.9362568066221,-176.273715257237,-14.1511268123009
-40.9132725229519,-157.797187914103,-7.56063782423577
-42.1877247306772,-141.028641035351,-4.05577254865185
-48.7014668115094,-136.635396138792,-14.7054842258788
-52.1524944564081,-140.531985764115,-21.7069810758968
-53.7777210297749,-141.310140402387,-32.3886160679991
-53.0149565896397,-133.460517345948,-36.9034373623242
-52.3331140712161,-128.811413878104,-37.8429906044651
-47.4464676157011,-104.398400594256,-32.9299039263833
-33.4306244973964,-37.4920587930615,-14.7649181591871
-36.0190451748689,-48.1460480695964,-20.8554753088295
-35.4453678943585,-59.1380791066942,-28.2722338711573
-24.5286412897481,-21.2572103361498,-29.2150883949078
-19.098438867808,-3.19107280762553,-31.2629314101635
-3.02464675122089,43.2743473741416,-18.133808305733
1.6974931422304,46.80640266709,-18.3279505523813
2.43528804346091,46.8369882890959,-18.5859641524175
0.43970276246713,45.6006603803975,-18.3919610666559
-3.70556082397327,51.0781495639866,-14.4747998742136
-8.14343440302156,43.178993323793,-15.7766688899734
-22.7062664805795,2.16516783487919,-21.0533260775362
-33.5502903331443,-33.6835335915699,-20.6686430378467
-34.8525201158683,-41.1380815837631,-20.7159476336728
-37.3827178748283,-55.1492868784243,-21.4674007389681
-46.1319434799037,-101.265627195648,-27.1171179623983
-49.9022030504113,-121.163241635829,-29.5191173798338
-53.2635872282893,-139.181135339356,-31.2969217238404
-58.7642690865077,-172.313649927299,-30.3289435742351
-56.9630817293893,-178.282166697871,-24.8828800622855
-56.0548982455847,-207.465389716123,-23.8815473538759
-49.8865758945776,-195.335332573028,-20.6560836765019
-46.4524148800361,-181.890578474585,-16.0468020296568
-47.108157902321,-179.612507928439,-14.8105898748675
-49.3251587883933,-165.137233277364,-19.5770929851558
-50.7105513242602,-155.723874356636,-23.7798121522981
-50.3306433031622,-128.333301335181,-25.625109521096
-47.8638805852204,-111.502193797527,-26.7869798154063
-46.2544838475013,-103.799906502001,-24.7268262559799
-39.3586611610632,-68.0594758977338,-19.4804183330268
-35.6618287899691,-49.3879638631967,-16.0285823499428
-33.6824467325161,-38.9735339227776,-14.7259567619994
-38.6076405399373,-75.1304487417576,-28.7328674538971
-31.9062373750235,-49.3494317158079,-29.9477846020506
-28.1639144783713,-44.4556311290842,-37.7577722197868
-10.4217518515392,5.7295663130338,-31.8119039047205
-11.9639462325384,-14.2319215388454,-33.9725268583677
-3.47765399274972,19.8800908602961,-28.1853659585744
0.159265374948236,37.8737266855331,-21.6637942161299
-4.65377764121512,32.7115798363666,-22.1482103512001
-5.47261693928437,43.4931715924847,-15.1356856179777
-16.0317806131379,14.695111630204,-17.6587688066201
-27.1443874072248,-12.4931893776824,-19.0429664743834
-31.6217874741031,-24.6477226757893,-21.0279318071552
-36.4237288754944,-48.5282677941019,-22.8963547773341
-46.1133665831027,-97.3537778816633,-32.0925719971094
-43.4826660068096,-88.1020338962705,-24.3595713259514
-45.4064113255763,-101.710380924932,-21.066120691481
-47.9837978091838,-123.860428178761,-25.4273557302403
-47.3331059620422,-127.969480583909,-25.4335069264838
-46.0090636651578,-134.633406009701,-24.119966426145
-48.1887144836889,-163.04821855071,-21.6678916409432
-54.8926798494481,-203.828300962005,-25.4862614149684
-54.0267527430272,-211.151571437392,-26.0415022707021
-50.556603383996,-197.360996247212,-21.2944094231408
-51.5448340994704,-189.719726927576,-17.5933563537
-52.3860541167639,-161.828240492705,-16.2731967391004
-52.8186387812631,-149.219974879524,-18.5123892893114
-49.489279436457,-122.042738073553,-25.2561978714619
-49.685088138366,-117.798044689588,-32.2830471264234
-47.7986492625626,-107.574126191182,-31.4319397913599
-43.6356900042047,-86.5415688874359,-27.5537449332523
-31.4223716854037,-27.783896008175,-12.3210713720934
-30.5775984974801,-22.7542790040096,-12.5299726531936
-40.9095414867193,-70.200037673571,-29.3499494134503
-30.7703338076917,-39.1017160107963,-38.5680836870446
-22.1844315044591,-19.6256309035621,-38.5600848856079
-13.3469187787931,-7.24546428607947,-30.3297287250168
-0.391917746843081,34.1819232928101,-23.0735720210282
3.56149019846331,50.8813956343219,-17.2336766793312
0.0815895624417742,31.5286245528935,-24.406647722338
-4.4407646778604,24.205236142758,-21.6796835814511
-9.46076578173457,7.30800285946752,-24.2517162069653
-14.8667461952437,1.88068847438544,-20.4231714606534
-23.3485870791613,-17.7095808414868,-25.8084816663443
-27.5041784585961,-25.0977304836241,-24.8856356993054
-36.073452760446,-44.1435283629804,-26.0534501878033
-39.2455848173153,-61.938620078619,-26.6321927359236
-40.0472593319015,-67.7697528268944,-25.0502577904436
-47.5593952784622,-108.060482386399,-28.9923285790109
-50.5332551856772,-126.070224149171,-27.8594563436227
-48.0313572202458,-114.45902475207,-24.1828708927326
-51.3261680881283,-144.925970763764,-24.776395030649
-52.3933612970763,-180.034144073145,-26.3072169037283
-52.3983830389166,-196.155341888329,-22.433077498477
-49.2762614682207,-194.798401350453,-20.646045460244
-50.7169216940479,-201.948971217195,-23.2393848592064
-51.8125252134636,-200.994473585861,-22.4194972429765
-47.9654410314349,-164.239447692798,-17.4920154971747
-50.6021522061824,-148.828451812069,-23.3312068030286
-51.8339098171283,-143.105079646644,-23.5053388285163
-50.1112171847569,-124.666246517604,-26.5139098548868
-49.2994941064894,-118.132895243195,-28.938379854482
-48.0652864106716,-111.566055403987,-28.2217585526673
-45.2417089157165,-96.713269452303,-26.3592021428998
-33.4249273660784,-39.1138458022607,-12.6011721572212
-35.9894716867686,-48.0332194032312,-20.2700946350021
-37.1121201464833,-48.4182164573582,-31.8420888733658
-19.3904355037222,9.00835164009765,-26.6165503449236
-12.3183482285661,24.1513402909883,-23.0680131549833
-8.83974851742553,20.984420707257,-25.0238086350717
2.20708710142905,52.6850148770934,-15.9477177100161
4.85136825470908,60.8445451522333,-13.356394105989
0.548292664122133,39.6248721816774,-20.8510907041322
-3.51004735881001,34.9352114998025,-17.4540441289691
-6.92402561223748,30.255695535208,-18.0100473742897
-17.2010689772239,6.25852818061043,-21.305802265081
-29.0472046932709,-23.7792989425908,-22.049687209047
-34.2617618453218,-40.344182194594,-24.1005452611782
-38.9026686927665,-61.8220502107265,-24.1995702396458
-40.4653685471585,-73.563348380971,-20.6259176885887
-42.7930893210954,-86.9645228968937,-20.6487383866759
-50.6902722742411,-127.15650812843,-28.2813319546579
-50.8758696628025,-140.516346800821,-31.8656510721053
-49.0714504301984,-136.677700828167,-29.041479933102
-50.984142741303,-168.859157961561,-26.3874181459875
-51.6181132634512,-189.828737758941,-24.5905512039255
-48.9776474838191,-191.088873153836,-19.1872283780838
-42.6676414663722,-170.925244421885,-12.6494463426987
-43.1267498938196,-171.617372426299,-12.7828876586692
-44.9010928307862,-162.522892124308,-10.8309160926434
-48.2419480899338,-146.756041710142,-18.8099595737941
-50.7995385442425,-143.027625081087,-23.6713609533651
-51.0122234170958,-129.087334296311,-27.5459376722042
-48.1958349112729,-114.843591672744,-24.9198844365178
-45.9549969719635,-101.729698098097,-25.176351568569
-46.8159156789958,-103.143860306286,-29.8170650877963
-37.9407903676558,-60.9915373095815,-18.0345428133855
-33.8644267660672,-40.87501396216,-13.611255424961
-39.1698368713141,-66.7752018639987,-24.9850277466409
-30.0070145728751,-34.1357711662357,-36.7365731471109
-15.6033861255497,14.0257206514239,-26.2824077940635
-9.85042157167132,15.8224478396842,-27.6136633408475
7.33105494785008,75.0551111977766,-8.0615488697806
6.51985071863234,67.541563196451,-11.044954487199
6.18994499693125,68.2653115581601,-8.86851649336686
-2.28902115797751,41.1423787431584,-11.7553152116037
-5.46426321305427,35.4868966784626,-14.2289766055189
-15.6957024379822,9.12321678722687,-15.871231576381
-28.9537293538728,-32.0382691329111,-21.7645546778704
-31.6067046296006,-38.6063080932275,-23.0176866625557
-41.180946026459,-72.2833596487544,-28.0340939133497
-43.3214501010335,-85.4664199811212,-26.5908234637581
-43.2894043568736,-87.3769945774239,-23.8508041510796
-47.5070061725369,-110.355095535859,-25.5967473542803
-51.6108643821524,-138.733058781851,-28.0299152311362
-52.1821489087838,-150.311777583765,-28.3723407219561
-53.0993348460039,-185.259566059042,-27.112119309284
-52.3340669402441,-202.103552022876,-22.7120908676844
-50.0258357368332,-198.366144481893,-21.9286645682798
-43.3881101676137,-169.293772125712,-11.6718492657527
-40.9865714935179,-143.311929748528,-5.93348802201427
-43.8793812285432,-148.555890095373,-12.1498046784693
-45.3203980902725,-132.269255447147,-16.9626954162269
-48.5995154656913,-128.241195552201,-21.3865476482403
-48.3424459339818,-117.937827246996,-22.595032527821
-46.6200309392409,-105.234783165268,-25.6061117725143
-46.6869526890171,-102.713192379486,-29.4080636830035
-45.9008619762987,-98.3873195670925,-29.1390596802558
-34.4156422916836,-41.7759030034913,-16.5884867947899
-31.7072035866795,-41.2673872678729,-27.0740019537938
-25.597667716174,-22.6788713550583,-29.9536943433829
-8.67821711688485,29.6130834493675,-22.0213229889533
-4.47505344187232,29.7810793411902,-17.6061959561299
-2.49270936132713,33.9191228380343,-20.2071056624956
10.1603984104656,82.78655209444,-5.72527572875169
1.6232256845554,44.3015875839597,-19.3946909490865
0.163037719776101,41.1331370850076,-18.6728430672248
-2.16117742805947,46.8943292713968,-13.8722126591614
-15.9392176794343,-0.926724855676987,-20.671827801482
-17.4630543409344,-1.61394621402658,-17.129641053521
-27.0684350588322,-26.4657701021528,-20.1943163915176
-32.6500696457747,-43.6330343589909,-19.4010151526296
-37.1351132610135,-63.6114762544427,-21.7095735609596
-41.9030257352725,-88.1763067698748,-22.5116338977299
-39.1152071280778,-81.7908508239853,-14.8396073321044
-40.4778925783976,-92.9396350838138,-16.1428395251686
-46.2306499535154,-137.106012170052,-25.1494132716563
-41.7020537385219,-134.055367215441,-20.626929150866
-36.5818012918239,-115.604223732594,-14.6988078577047
-34.3791908167388,-118.572652437928,-17.5021398877215
-35.8245412823397,-144.437919930934,-26.7457431528504
-32.679227926485,-135.423775603556,-24.5124043467272
-26.0291915858097,-113.127906182196,-23.8094912989692
-24.7600760824838,-117.379767689657,-40.3651442286546
-20.7390473330771,-86.5272856405063,-31.4438009682465
-18.2791777204322,-75.9558279953832,-26.0231498781264
-17.1964640729469,-76.3476800091552,-15.4362806365328
-11.8791959813996,-45.5351815088013,-11.2043879368826
-9.1533685281465,-33.8551435935441,-9.86088997659483
-7.64212719930517,-27.7141460557097,-7.47646614868521
-12.18937839546,-51.6361470639377,-15.3392560403453
-10.4182796015312,-41.6777051663216,-13.0342731726261
-15.3691499634694,-67.5366205852475,-23.6380367663464
-11.132356293774,-44.8699471743271,-27.5875089177894
-6.3560893670244,-21.8552034264714,-14.2194442197307
-12.6504344811636,-54.4398523706883,-19.1859248118455
-12.1026691866642,-50.2585504527631,-17.5920468720343
-16.0773971916372,-67.6068461312127,-21.0654933444618
-16.1080416702177,-69.1561677356432,-19.0579749357194
-11.8098385681217,-53.5594598876544,-18.7390388640159
-14.060544985885,-59.5685590807224,-19.9217979890546
-12.4102816122569,-49.8431531713655,-17.7979995452278
-16.9133624549291,-63.3251007327164,-21.5556261245065
-18.8534190465499,-69.6897331972087,-22.8428125796388
-16.083510904643,-56.8777711642979,-18.4823266272897
-14.6936089929333,-50.7905572531917,-15.3698222050912
-17.8052390661486,-65.7980216735301,-19.3715758036089
-18.7652527649335,-68.3050757430496,-19.1227520114864
-17.9151352380365,-61.9359848517834,-17.6855688327049
-19.9259401435775,-71.9839036747571,-20.2355948404381
-22.0839861608747,-81.5990670292196,-23.3990298651452
-15.0624939067569,-54.3041832189614,-13.1309159172587
-19.7638489364162,-81.1340957197802,-22.6664002993565
-17.0356282553703,-68.7262419557355,-20.3866670191077
-16.7603741273258,-67.3909950258198,-19.0377920000244
-15.3146392599425,-57.9164435739721,-15.6840944818306
-16.3671019959152,-61.2811645503012,-19.0267793804787
-15.9362193437735,-63.5185095423051,-18.3564406537108
-13.2527490447443,-55.7540288445588,-19.20298164087
-15.4038965383648,-63.2816407476295,-18.7119456936076
-15.3809256839629,-63.1357715530388,-18.7082833461258
-15.3902501350614,-63.1743756673654,-18.6855941212223
-15.3517582051944,-63.0641352419464,-18.6670815572754
-15.3490364545487,-63.1337598837416,-18.6830129487936
-15.3562350578188,-63.114703205884,-18.6772017386675
-15.3592250606473,-63.0647403638973,-18.6800799090736
-15.3675906280574,-63.1325836928223,-18.6756746866417
-15.3688177639286,-63.1230062780324,-18.6762002460943
-15.3650330893687,-63.1638005237354,-18.7005706450011
-15.3706846711117,-63.140690461526,-18.6883978521306
-15.3605562367443,-63.1132325597978,-18.690450463609
-15.3310164655672,-62.9638648382067,-18.6205941177516
-15.3512224741083,-63.0949432543533,-18.6652545057745
-15.3756972548222,-63.1604504130567,-18.7003450850237
-15.3987806877079,-63.273942797432,-18.7259455379791
-15.3501595501941,-63.0661128582612,-18.6736935131632
-15.349623819108,-63.0969208706681,-18.6718664616623
-15.3829998983181,-63.1994633458896,-18.7043788699806
-15.3779873146076,-63.1797033943589,-18.6924316370875
-15.3625780443469,-63.1128237412916,-18.6637274537486
-15.3407225206118,-63.05988555415,-18.6744446325932
-15.358473484131,-63.1399871878528,-18.6822618293636
-15.3423211756121,-63.0579079378352,-18.6678326767054
-15.4119515316564,-63.3155384685305,-18.7495896306219
-15.4086408698926,-63.2817388993519,-18.7050833645765
-15.3921694489971,-63.2561604622161,-18.7206102609738
-15.3691892830577,-63.1306060765075,-18.6690627307539
-15.3388556134287,-63.0422013706563,-18.6622470265568
-15.359648986529,-63.1364407737295,-18.6957609274484
-15.3621032582714,-63.1172859441496,-18.6968120463535
-15.3861455748456,-63.2015391139267,-18.7041284968372
-15.3816694955006,-63.2211027620127,-18.7298003877926
-15.3400827492999,-63.0326239558664,-18.6627725860094
-15.3463741023548,-63.0367754919406,-18.6622718397227
-15.356131017593,-63.0566335951936,-18.6673567435847
-15.3817211289737,-63.2150717613461,-18.7168268491603
-15.3625264108737,-63.1188547419582,-18.6767009923809
-15.3394953847406,-63.0694629689399,-18.6739190731407
-15.3534092669473,-63.1262582369887,-18.6832881351028
-15.3752131572092,-63.1852274247969,-18.6855444948905
-15.3555436530337,-63.0934726082671,-18.678503230716
-15.3819886078771,-63.1646019491309,-18.6998443387371
-15.3567191554318,-63.0899261941438,-18.6920023288008
-15.3410940397409,-63.0674853526251,-18.6673071172529
-15.3716443280795,-63.1815828589513,-18.7059059220064
-15.3647132037127,-63.1501697245936,-18.6947346217092
-15.3883323676846,-63.2328540965621,-18.7221621261656
-15.3542124769368,-63.0449804123666,-18.6681326761805
-15.3713760758967,-63.1619210591429,-18.6870963600822
-15.4106727623121,-63.3311468839871,-18.7620376098016
-15.3193934164253,-62.9964541634837,-18.6391036802006
-15.3599164654324,-63.0859709615142,-18.6787784170252
-15.3779356811344,-63.1857343950255,-18.7054051757198
-15.3533052267215,-63.0681886262983,-18.6734431400199
-15.3829998983181,-63.1994633458896,-18.7043788699806
-15.382628379189,-63.1918635474144,-18.7115163853209
-15.3807614720059,-63.1741793639208,-18.6993187792845
-15.3616191606584,-63.1420629558899,-18.6820114562203
-15.3546364028185,-63.1166808221988,-18.6838136945553
-15.3283548866527,-62.9370120584293,-18.6356450810281
-15.386146348125,-63.2716707259503,-18.7399205691847
-15.4017105188052,-63.3204573770178,-18.7297041366267
-15.3449311210534,-63.0907917182791,-18.6657552520611
-15.3688177639286,-63.1230062780324,-18.6762002460943
-15.3439198306124,-63.0559303215204,-18.6612207208176
-15.3492522999788,-63.0893210721929,-18.6790039770026
-15.3709529232944,-63.1603522613344,-18.7072074140548
-15.3795343361347,-63.1837567787107,-18.698793219832
-15.38044158635,-63.160548564779,-18.6934827559926
-15.3857740557164,-63.1939393154515,-18.7112660121776
-15.3892396178998,-63.2096458826304,-18.7168516623262
-15.3624747774005,-63.1248857426248,-18.6896745310132
-15.3694575352405,-63.1502678763159,-18.6878722926781
-15.3661561850141,-63.096153498255,-18.6912512093708
-15.3590608486903,-63.1031481747793,-18.6711153422323
-15.3388556134287,-63.0422013706563,-18.6622470265568
-15.3735104619832,-63.1291354304213,-18.6823114556954
-15.3662602252399,-63.1542231089454,-18.7010962044537
-15.3741502332951,-63.1563970287048,-18.6939835022792
-15.3447754473544,-63.0387531082553,-18.6688837956105
-15.340454268429,-63.0402237543416,-18.655635070669
-15.3583694439052,-63.0819175771624,-18.6724168342807
-15.36444495153,-63.1305079247852,-18.675925059785
-15.359648986529,-63.1364407737295,-18.6957609274484
-15.3624740041211,-63.0547541306012,-18.6538824586658
-15.3451993732361,-63.1104535180875,-18.6845648139853
-15.365300568272,-63.1133307115201,-18.6835881345779
-15.3776674289516,-63.1660725952171,-18.6865956137956
-15.3742018667682,-63.1503660280382,-18.681009963647
-15.3520264573772,-63.0837970417548,-18.6858911191996
-15.3647132037127,-63.1501697245936,-18.6947346217092
-15.3344311675569,-63.0557340180758,-18.6749453788798
-15.3659403395839,-63.1405923098037,-18.6952601811618
-15.3682303993693,-63.1598452911058,-18.6873467332255
-15.3677548400144,-63.0941758819403,-18.684639253483
-15.3593291008731,-63.1228099745877,-18.6899249041565
-15.341629770827,-63.0366773402183,-18.6691341687538
-15.3715402878538,-63.1235132482609,-18.6960609269235
-15.3628979300028,-63.1264545404334,-18.6695634770406
-15.3748416380801,-63.1776276263218,-18.6926820102308
-15.3697774208964,-63.1638986754577,-18.69370831597
-15.3694059017673,-63.1562988769825,-18.7008458313104
-15.360824488927,-63.1328943596062,-18.7092600255332
-15.373778714166,-63.1487972302297,-18.7011210176196
-15.3757488882954,-63.1544194123901,-18.6873715463915
-15.3621548917446,-63.111254943483,-18.6838385077212
-15.3763886596073,-63.1816810106736,-18.6990435929753
-15.3562350578188,-63.114703205884,-18.6772017386675
-15.3975011450842,-63.2194196008649,-18.7026014448114
-15.3759131002524,-63.116011601508,-18.6963361132328
-15.3917455231154,-63.1844600523839,-18.704929242599
-15.3549562884744,-63.1303116213406,-18.6896497178473
-15.3659403395839,-63.1405923098037,-18.6952601811618
-15.3624747774005,-63.1248857426248,-18.6896745310132
-15.3814536500704,-63.2655415735614,-18.7338093595835
-15.3760687739513,-63.1680502115319,-18.6932075696834
-15.3565549434747,-63.1283340050258,-18.6830377619595
-15.3577304458728,-63.1247875909025,-18.6965368600443
-15.3683946113263,-63.1214374802238,-18.6963113000669
-15.3552237673778,-63.0798418091253,-18.672667207424
-15.3652489347989,-63.1193617121867,-18.6965616732102
-15.3439198306124,-63.0559303215204,-18.6612207208176
-15.3561834243456,-63.1207342065506,-18.6901752772998
-15.3593807343462,-63.1167789739211,-18.6769513655242
-15.3785746791669,-63.1428643812854,-18.6812851499562
-15.3637535467449,-63.1092773271683,-18.6772265518334
-15.3899310226849,-63.2308764802473,-18.7155501702778
-15.31790579335,-62.8257917455357,-18.5960695968672
-15.3702529802513,-63.2295680846233,-18.6964157957126
-15.3948904263634,-63.1164042083973,-18.6688867971083
-15.3342669555998,-63.0941418289578,-18.6659808120385
-15.3824125337588,-63.2363023589631,-18.7155253571119
-15.3477052784517,-63.0852676878411,-18.6726423942581
-15.3570390410877,-63.1035569932855,-18.6978383520927
-15.3605562367443,-63.1132325597978,-18.690450463609
-15.3373602253747,-63.0321169856379,-18.6429119051801
-15.3719118069829,-63.1311130467361,-18.6889234115832
-15.3908906796527,-63.2717688776726,-18.7330582401535
-15.366631744369,-63.1618229074206,-18.6939586891133
-15.3655688204548,-63.1329925113285,-18.7023976965021
-15.3601323108626,-63.0415321499656,-18.6747694452342
-15.3827316461353,-63.1798015460812,-18.6855693080564
-15.3540998984529,-63.077357222582,-18.646194570707
-15.3300583551582,-63.0632356648286,-18.6746701925706
-15.3766045050375,-63.137242199125,-18.6950346211843
-15.3793184907045,-63.2281955902594,-18.7028021916229
-15.3445079684511,-63.0892229204706,-18.6858663060337
-15.4034733857625,-63.280071949821,-18.7320567475802
-15.3466939880107,-63.0504062910824,-18.6681078630146
-15.3655078754441,-63.1593383208773,-18.6674860523963
-15.3655680471754,-63.0628608993049,-18.6666056241547
-15.3836913031032,-63.2206939435065,-18.7030773779322
-15.3782555667903,-63.1993651941673,-18.7112411990117
-15.3675389945842,-63.1386146934889,-18.688648225274
-15.3851866911571,-63.230778328525,-18.7224124993089
-15.3574105602168,-63.1111567917607,-18.6907008367524
-15.383319783974,-63.2130941450314,-18.7102148932725
-15.3578337128191,-63.1127255895693,-18.6705897827798
